45
0.0005825952
0.0001086194
0.0008097086
0.0007109637
0.0000296235
0.0002369879
0.0003653563
0.0009578260
0.0000394980
0.0004443523
0.0009775750
0.0002567369
0.0001579919
0.0003653563
0.0004443523
0.0001974899
0.0000197490
0.0003456073
0.0000296235
0.0005529717
0.0007307126
0.0004739758
0.0005924697
0.0004542268
0.0008393321
0.0008985791
0.0009183281
0.0005727207
0.0007899596
0.0002666114
0.0006615912
0.0008294576
0.0009578260
0.0006615912
0.0003357328
0.0005825952
0.0007405871
0.0004246033
0.0003159838
0.0008985791
0.0002369879
0.0003061094
0.0001184939
0.0008887046
0.0007504616
0.0005430972
0.0007208381
0.0002666114
0.0000888705
0.0000296235
0.0003949798
0.0005233482
0.0008195831
0.0009874495
0.0006615912
0.0001283684
0.0003061094
0.0006023442
0.0000000000
0.0000987450
0.0003554818
0.0003653563
0.0006714657
0.0001283684
0.0002666114
0.0008887046
0.0008097086
0.0003554818
0.0007405871
0.0005924697
0.0009578260
0.0004048543
0.0005825952
0.0004048543
0.0006912147
0.0003258583
0.0008788301
0.0008689556
0.0006912147
0.0001777409
0.0009874495
0.0004937248
0.0004641013
0.0003456073
0.0008985791
0.0006714657
0.0002073644
0.0002073644
0.0009380770
0.0006714657
0.0005035993
0.0005727207
0.0009084536
0.0004246033
0.0005332227
0.0005825952
0.0008590811
0.0004838503
0.0002666114
0.0006813402
0.0009380770
0.0003456073
0.0006319677
0.0009874495
0.0002764859
0.0006319677
0.0003752308
0.0007603361
0.0008590811
0.0002073644
0.0002468624
0.0002962349
0.0008590811
0.0006023442
0.0002369879
0.0003357328
0.0004147288
0.0002666114
0.0000987450
0.0001086194
0.0000296235
0.0003357328
0.0004641013
0.0008590811
0.0005134737
0.0003851053
0.0007208381
0.0009578260
0.0006418422
0.0004246033
0.0006615912
0.0008195831
0.0004246033
0.0005727207
0.0005628462
0.0004937248
0.0007010892
0.0001876154
0.0008393321
0.0008985791
0.0001974899
0.0002764859
0.0001184939
0.0008689556
0.0009874495
0.0009084536
0.0003653563
0.0000691215
0.0001184939
0.0009380770
0.0001382429
0.0004641013
0.0008590811
0.0009282025
0.0009677005
0.0006615912
0.0007307126
0.0004344778
0.0003752308
0.0000789960
0.0007504616
0.0000493725
0.0007504616
0.0004048543
0.0009282025
0.0007603361
0.0000789960
0.0006220932
0.0008689556
0.0009874495
0.0001283684
0.0000000000
0.0003752308
0.0004739758
0.0000000000
0.0003554818
0.0003949798
0.0006319677
0.0001382429
0.0002962349
0.0006615912
0.0002666114
0.0007998341
0.0002567369
0.0007998341
0.0000000000
0.0000592470
0.0002962349
0.0007109637
0.0002962349
0.0004246033
0.0001974899
0.0008985791
0.0001086194
0.0008393321
0.0007800851
0.0002666114
0.0009380770
0.0001974899
0.0004147288
0.0006912147
0.0006912147
0.0008097086
0.0009775750
0.0004838503
0.0000987450
0.0005727207
0.0008492066
0.0007208381
0.0004147288
0.0007405871
0.0001086194
0.0006615912
0.0008393321
0.0003258583
0.0000197490
0.0007504616
0.0001382429
0.0006813402
0.0005233482
0.0003851053
0.0008590811
0.0001481174
0.0000888705
0.0000789960
0.0007307126
0.0000592470
0.0005825952
0.0002468624
0.0001086194
0.0000000000
0.0003851053
0.0004344778
0.0004344778
0.0006714657
0.0007998341
0.0004937248
0.0000888705
0.0004246033
0.0003357328
0.0002271134
0.0003258583
0.0000394980
0.0008294576
0.0000987450
0.0006615912
0.0000098745
0.0003851053
0.0001086194
0.0001777409
0.0008492066
0.0007800851
0.0004641013
0.0006023442
0.0001777409
0.0006615912
0.0000987450
0.0007998341
0.0002172389
0.0009677005
0.0001678664
0.0009578260
0.0004147288
0.0002962349
0.0002271134
0.0001579919
0.0007998341
0.0003554818
0.0007208381
0.0000394980
0.0008294576
0.0004937248
0.0002369879
0.0007899596
0.0004048543
0.0008492066
0.0004246033
0.0003949798
0.0001876154
0.0002172389
0.0001086194
0.0005529717
0.0004246033
0.0005825952
0.0008492066
0.0005924697
0.0001184939
0.0003851053
0.0009282025
0.0002764859
0.0001086194
0.0000987450
0.0009677005
0.0009479515
0.0006220932
0.0009479515
0.0008788301
0.0000987450
0.0000888705
0.0005825952
0.0006714657
0.0007702106
0.0002369879
0.0003851053
0.0003456073
0.0003061094
0.0007603361
0.0008689556
0.0003357328
0.0007208381
0.0002073644
0.0003061094
0.0007702106
0.0001579919
0.0008590811
0.0007504616
0.0001184939
0.0009677005
0.0005628462
0.0007010892
0.0000000000
0.0003554818
0.0006615912
0.0001382429
0.0001876154
0.0009479515
0.0002073644
0.0001876154
0.0003653563
0.0009677005
0.0006615912
0.0007998341
0.0005727207
0.0009183281
0.0009775750
0.0007603361
0.0006122187
0.0002863604
0.0004048543
0.0006517167
0.0005628462
0.0004443523
0.0007109637
0.0000493725
0.0001777409
0.0006023442
0.0008492066
0.0006813402
0.0005727207
0.0008492066
0.0001086194
0.0002172389
0.0002962349
0.0008393321
0.0000987450
0.0008788301
0.0004937248
0.0002073644
0.0006418422
0.0009479515
0.0009578260
0.0006023442
0.0008294576
0.0000098745
0.0003061094
0.0001579919
0.0003554818
0.0004641013
0.0009479515
0.0002271134
0.0004443523
0.0004147288
0.0005825952
0.0003258583
0.0006714657
0.0003851053
0.0001974899
0.0006714657
0.0001678664
0.0007702106
0.0009578260
0.0001283684
0.0002468624
0.0009775750
0.0005430972
0.0001876154
0.0002666114
0.0007603361
0.0005924697
0.0003456073
0.0008097086
0.0001086194
0.0001876154
0.0009380770
0.0005529717
0.0009874495
0.0000987450
0.0009874495
0.0001974899
0.0007405871
0.0002666114
0.0000493725
0.0002271134
0.0001876154
0.0000296235
0.0006023442
0.0002073644
0.0005529717
0.0003456073
0.0008492066
0.0001678664
0.0002863604
0.0008689556
0.0009578260
0.0009578260
0.0002172389
0.0005430972
0.0006714657
0.0000888705
0.0003159838
0.0009578260
0.0003061094
0.0000592470
0.0005430972
0.0008689556
0.0000197490
0.0002271134
0.0007800851
0.0003851053
0.0002172389
0.0007109637
0.0003949798
0.0004443523
0.0006714657
0.0004344778
0.0006813402
0.0001382429
0.0008689556
0.0001777409
0.0002863604
0.0001678664
0.0007702106
0.0005825952
0.0007702106
0.0006615912
0.0002863604
0.0009084536
0.0002666114
0.0007208381
0.0006418422
0.0003949798
0.0008788301
0.0004048543
0.0002863604
0.0000592470
0.0001283684
0.0005628462
0.0003653563
0.0002468624
0.0006023442
0.0009084536
0.0009775750
0.0006220932
0.0001777409
0.0003061094
0.0001876154
0.0000592470
0.0000789960
0.0007504616
0.0009677005
0.0006615912
0.0005825952
0.0009677005
0.0000987450
0.0000394980
0.0000000000
0.0008887046
0.0004147288
0.0001481174
0.0007208381
0.0003258583
0.0006122187
0.0007010892
0.0007010892
0.0005332227
0.0005628462
0.0002468624
0.0009874495
0.0009578260
0.0002271134
0.0000987450
0.0003752308
0.0007307126
0.0003554818
0.0002073644
0.0009380770
0.0008788301
0.0003357328
0.0004542268
0.0002666114
0.0004344778
0.0002271134
0.0006714657
0.0007504616
0.0005430972
0.0001481174
0.0005825952
0.0005924697
0.0007998341
0.0004542268
0.0007307126
0.0003949798
0.0001678664
0.0008195831
0.0001184939
0.0000394980
0.0006023442
0.0008393321
0.0008492066
0.0000789960
0.0008097086
0.0006418422
0.0001481174
0.0007702106
0.0009479515
0.0007998341
0.0000987450
0.0003851053
0.0007800851
0.0002073644
0.0000000000
0.0006418422
0.0005035993
0.0007109637
0.0002172389
0.0002764859
0.0002962349
0.0007603361
0.0005430972
0.0008492066
0.0009084536
0.0002567369
0.0006122187
0.0006418422
0.0008590811
0.0002369879
0.0005233482
0.0002764859
0.0001777409
0.0005628462
0.0001579919
0.0008985791
0.0000789960
0.0000394980
0.0002666114
0.0001283684
0.0001382429
0.0007109637
0.0002666114
0.0009578260
0.0005035993
0.0008097086
0.0000394980
0.0004147288
0.0009775750
0.0004246033
0.0000789960
0.0007998341
0.0001481174
0.0003752308
0.0004147288
0.0004344778
0.0009775750
0.0002172389
0.0009479515
0.0007010892
0.0001481174
0.0009380770
0.0006122187
0.0002468624
0.0003949798
0.0000789960
0.0006813402
0.0007405871
0.0000000000
0.0006714657
0.0008294576
0.0009874495
0.0008492066
0.0008590811
0.0008097086
0.0000691215
0.0002468624
0.0003554818
0.0009874495
0.0009282025
0.0009380770
0.0007010892
0.0001777409
0.0007800851
0.0002369879
0.0002073644
0.0004147288
0.0006418422
0.0000197490
0.0003851053
0.0000789960
0.0005825952
0.0002172389
0.0006714657
0.0001086194
0.0007109637
0.0003357328
0.0000592470
0.0005924697
0.0005924697
0.0001777409
0.0001086194
0.0000000000
0.0001974899
0.0009183281
0.0005727207
0.0002369879
0.0002962349
0.0006714657
0.0007899596
0.0008788301
0.0001283684
0.0005332227
0.0001678664
0.0007504616
0.0003456073
0.0004641013
0.0007010892
0.0005430972
0.0008195831
0.0001382429
0.0005825952
0.0007800851
0.0001184939
0.0009282025
0.0003159838
0.0006418422
0.0003949798
0.0001283684
0.0000691215
0.0005035993
0.0005430972
0.0007899596
0.0005529717
0.0008393321
0.0005332227
0.0003949798
0.0004542268
0.0005825952
0.0006220932
0.0001579919
0.0004641013
0.0004344778
0.0004739758
0.0005529717
0.0004838503
0.0000394980
0.0004641013
0.0000394980
0.0000296235
0.0002666114
0.0004542268
0.0009677005
0.0002666114
0.0006912147
0.0008393321
0.0002172389
0.0004344778
0.0009874495
0.0002172389
0.0006122187
0.0002468624
0.0000888705
0.0007504616
0.0000197490
0.0003554818
0.0005727207
0.0007109637
0.0009380770
0.0008689556
0.0008195831
0.0009479515
0.0006714657
0.0003456073
0.0009677005
0.0001579919
0.0003061094
0.0004048543
0.0008097086
0.0008393321
0.0003258583
0.0007010892
0.0009578260
0.0008097086
0.0009282025
0.0007109637
0.0006615912
0.0008097086
0.0000789960
0.0005035993
0.0004739758
0.0002863604
0.0002172389
0.0003949798
0.0003851053
0.0007307126
0.0001184939
0.0004937248
0.0004739758
0.0004443523
0.0006517167
0.0003653563
0.0008294576
0.0002962349
0.0009084536
0.0001777409
0.0004838503
0.0009775750
0.0009775750
0.0003159838
0.0001876154
0.0002666114
0.0005825952
0.0000592470
0.0001086194
0.0005825952
0.0003851053
0.0000789960
0.0001184939
0.0005628462
0.0006418422
0.0000691215
0.0006418422
0.0008590811
0.0003258583
0.0000987450
0.0003851053
0.0005332227
0.0009775750
0.0002468624
0.0006615912
0.0003752308
0.0004147288
0.0009578260
0.0004542268
0.0005134737
0.0002369879
0.0004344778
0.0003357328
0.0009775750
0.0005529717
0.0008393321
0.0001382429
0.0002764859
0.0005529717
0.0003357328
0.0005727207
0.0005825952
0.0001579919
0.0006122187
0.0005727207
0.0000394980
0.0004048543
0.0004246033
0.0001382429
0.0004344778
0.0008097086
0.0008097086
0.0007702106
0.0005430972
0.0004937248
0.0008590811
0.0007405871
0.0000000000
0.0005825952
0.0003554818
0.0005727207
0.0003258583
0.0001184939
0.0000197490
0.0007208381
0.0004838503
0.0008393321
0.0004739758
0.0003653563
0.0009479515
0.0008097086
0.0000987450
0.0006813402
0.0007702106
0.0008788301
0.0004542268
0.0005628462
0.0005628462
0.0005134737
0.0002567369
0.0005134737
0.0007109637
0.0002073644
0.0007504616
0.0009282025
0.0008985791
0.0005233482
0.0002666114
0.0003061094
0.0004443523
0.0004739758
0.0003752308
0.0009084536
0.0009183281
0.0003752308
0.0005628462
0.0006912147
0.0006319677
0.0007010892
0.0008097086
0.0004542268
0.0006122187
0.0008294576
0.0008590811
0.0003061094
0.0007109637
0.0008887046
0.0000691215
0.0000000000
0.0001184939
0.0008985791
0.0007998341
0.0004246033
0.0001086194
0.0005430972
0.0001481174
0.0004739758
0.0001876154
0.0001283684
0.0000592470
0.0007405871
0.0005727207
0.0008097086
0.0003456073
0.0008097086
0.0007405871
0.0001678664
0.0003554818
0.0002666114
0.0009775750
0.0009775750
0.0007208381
0.0008492066
0.0005332227
0.0003653563
0.0003258583
0.0005332227
0.0005332227
0.0002271134
0.0007998341
0.0001086194
0.0005924697
0.0008393321
0.0003357328
0.0003061094
0.0002962349
0.0009084536
0.0005233482
0.0003061094
0.0005035993
0.0005825952
0.0001876154
0.0003554818
0.0005233482
0.0005825952
0.0009874495
0.0005529717
0.0002468624
0.0001382429
0.0005134737
0.0000296235
0.0007603361
0.0004542268
0.0004542268
0.0001678664
0.0005332227
0.0002962349
0.0000592470
0.0004542268
0.0003554818
0.0009282025
0.0009578260
0.0001184939
0.0009677005
0.0000493725
0.0004443523
0.0005529717
0.0000987450
0.0006319677
0.0007307126
0.0006517167
0.0009677005
0.0001777409
0.0001777409
0.0003258583
0.0006517167
0.0004147288
0.0001184939
0.0000394980
0.0000888705
0.0000098745
0.0002567369
0.0003159838
0.0002962349
0.0002666114
0.0006122187
0.0004443523
0.0002567369
0.0009084536
0.0002764859
0.0003061094
0.0004048543
0.0009084536
0.0005035993
0.0009578260
0.0005727207
0.0002271134
0.0003258583
0.0005727207
0.0007702106
0.0008097086
0.0003653563
0.0003554818
0.0001974899
0.0000888705
0.0002271134
0.0002666114
0.0006813402
0.0001579919
0.0006319677
0.0002666114
0.0005035993
0.0007702106
0.0003653563
0.0008195831
0.0005233482
0.0001481174
0.0007208381
0.0002764859
0.0002468624
0.0006615912
0.0003851053
0.0005233482
0.0009874495
0.0006912147
0.0000493725
0.0002073644
0.0007307126
0.0006714657
0.0003159838
0.0002567369
0.0001481174
0.0008788301
0.0000888705
0.0006220932
0.0000592470
0.0007405871
0.0006615912
0.0007307126
0.0006319677
0.0006813402
0.0003456073
0.0008887046
0.0000296235
0.0000197490
0.0004838503
0.0002468624
0.0007109637
0.0005628462
0.0005332227
0.0000987450
0.0007109637
0.0000888705
0.0007307126
0.0002172389
0.0005924697
0.0005825952
0.0005233482
0.0006813402
0.0003159838
0.0001283684
0.0001876154
0.0005134737
0.0009578260
0.0005924697
0.0005035993
0.0004937248
0.0003554818
0.0008195831
0.0002666114
0.0001382429
0.0005529717
0.0005529717
0.0003061094
0.0008788301
0.0006220932
0.0001876154
0.0009084536
0.0004838503
0.0007702106
0.0008097086
0.0001876154
0.0005035993
0.0001086194
0.0004739758
0.0002863604
0.0003949798
0.0007405871
0.0001481174
0.0001678664
0.0001777409
0.0007010892
0.0007603361
0.0001283684
0.0008393321
0.0004641013
0.0008492066
0.0003949798
0.0009874495
0.0006023442
0.0005825952
0.0004937248
0.0002073644
0.0000394980
0.0006418422
0.0003159838
0.0001382429
0.0003851053
0.0005233482
0.0009084536
0.0009084536
0.0008590811
0.0000394980
0.0009775750
0.0004246033
0.0001777409
0.0009677005
0.0004641013
0.0000394980
0.0005727207
0.0003061094
0.0005628462
0.0007504616
0.0009183281
0.0004641013
0.0007405871
0.0000493725
0.0000098745
0.0008788301
0.0002073644
0.0003456073
0.0007504616
0.0007307126
0.0007504616
0.0007307126
0.0004937248
0.0001283684
0.0009282025
0.0006122187
0.0001283684
0.0001678664
0.0002271134
0.0002962349
0.0002073644
0.0007109637
0.0002863604
0.0005430972
0.0003653563
0.0008590811
0.0007405871
0.0000987450
0.0005529717
0.0003258583
0.0001382429
0.0000789960
0.0003061094
0.0006418422
0.0007208381
0.0006813402
0.0006517167
0.0009084536
0.0001283684
0.0006912147
0.0005134737
0.0003949798
0.0009874495
0.0005825952
0.0004048543
0.0003456073
0.0003159838
0.0006912147
0.0007405871
0.0000000000
0.0003949798
0.0005233482
0.0001974899
0.0009282025
0.0000493725
0.0007307126
0.0001777409
0.0009578260
0.0003456073
0.0002369879
0.0008689556
0.0000888705
0.0000394980
0.0006418422
0.0003851053
0.0007208381
0.0001283684
0.0002172389
0.0003554818
0.0000000000
0.0001974899
0.0009282025
0.0003851053
0.0008195831
0.0008492066
0.0007208381
0.0004147288
0.0004739758
0.0007899596
0.0008788301
0.0006418422
0.0000098745
0.0009084536
0.0006714657
0.0000296235
0.0008887046
0.0001678664
0.0006023442
0.0009084536
0.0002172389
0.0009677005
0.0000296235
0.0005529717
0.0008788301
0.0000197490
0.0004739758
0.0006912147
0.0003061094
0.0006615912
0.0007109637
0.0004542268
0.0003061094
0.0008590811
0.0007010892
0.0001184939
0.0003752308
0.0006023442
0.0000888705
0.0008294576
0.0007208381
0.0009282025
0.0006615912
0.0009479515
0.0008985791
0.0003061094
0.0003851053
0.0006615912
0.0003258583
0.0005529717
0.0002962349
0.0009578260
0.0008689556
0.0005233482
0.0003554818
0.0003752308
0.0007702106
0.0002666114
0.0003061094
0.0008689556
0.0002073644
0.0001974899
0.0003653563
0.0005529717
0.0005924697
0.0006912147
0.0007603361
0.0008985791
0.0000000000
0.0003554818
0.0007109637
0.0003653563
0.0007800851
0.0004838503
0.0002468624
0.0006418422
0.0002962349
0.0004246033
0.0007208381
0.0008195831
0.0009578260
0.0002666114
0.0007109637
0.0001777409
0.0001184939
0.0001086194
0.0005430972
0.0009282025
0.0003159838
0.0002172389
0.0001086194
0.0007109637
0.0009282025
0.0008393321
0.0006714657
0.0004739758
0.0008294576
0.0003949798
0.0005529717
0.0000888705
0.0002863604
0.0003456073
0.0000098745
0.0009677005
0.0008492066
0.0006220932
0.0004147288
0.0003851053
0.0007010892
0.0005727207
0.0004048543
0.0006615912
0.0008393321
0.0002271134
0.0007405871
0.0003159838
0.0007702106
0.0005134737
0.0002468624
0.0008788301
0.0004641013
0.0000493725
0.0009775750
0.0000888705
0.0000592470
0.0000197490
0.0008294576
0.0005924697
0.0003258583
0.0006023442
0.0007702106
0.0001876154
0.0009380770
0.0003357328
0.0004937248
0.0003653563
0.0000888705
0.0000098745
0.0004344778
0.0009183281
0.0003357328
0.0000493725
0.0005332227
0.0001579919
0.0008689556
0.0005825952
0.0004739758
0.0006517167
0.0007010892
0.0004443523
0.0001876154
0.0004937248
0.0000394980
0.0000888705
0.0004344778
0.0003258583
0.0002962349
0.0007405871
0.0008788301
0.0003752308
0.0002172389
0.0008393321
0.0000000000
0.0008788301
0.0000197490
0.0005332227
0.0001382429
0.0000789960
0.0007998341
0.0006813402
0.0004838503
0.0007800851
0.0003653563
0.0000000000
0.0003653563
0.0008689556
0.0008294576
0.0002567369
0.0009677005
0.0000987450
0.0009479515
0.0006615912
0.0009380770
0.0001876154
0.0008788301
0.0003949798
0.0005727207
0.0000493725
0.0007800851
0.0005332227
0.0006122187
0.0006517167
0.0001086194
0.0008294576
0.0002962349
0.0006122187
0.0001283684
0.0002863604
0.0005529717
0.0005628462
0.0001382429
0.0000888705
0.0005825952
0.0008097086
0.0007109637
0.0003258583
0.0007800851
0.0003653563
0.0005233482
0.0003851053
0.0003554818
0.0009479515
0.0007010892
0.0002666114
0.0002567369
0.0007405871
0.0003258583
0.0004838503
0.0009282025
0.0008887046
0.0007998341
0.0009380770
0.0001283684
0.0001184939
0.0008393321
0.0002962349
0.0007109637
0.0006023442
0.0009578260
0.0006220932
0.0005529717
0.0004542268
0.0001086194
0.0008097086
0.0008689556
0.0002468624
0.0009874495
0.0000789960
0.0000789960
0.0004542268
0.0001086194
0.0002962349
0.0002764859
0.0009084536
0.0006714657
0.0003949798
0.0000098745
0.0007208381
0.0005529717
0.0001184939
0.0000592470
0.0005628462
0.0000197490
0.0008097086
0.0002271134
0.0009380770
0.0005035993
0.0003554818
0.0008097086
0.0006813402
0.0005430972
0.0006517167
0.0006912147
0.0004147288
0.0008294576
0.0007603361
0.0001283684
0.0004937248
0.0003752308
0.0004838503
0.0001579919
0.0003159838
0.0009183281
0.0006319677
0.0004443523
0.0008097086
0.0009479515
0.0004048543
0.0007800851
0.0007800851
0.0001876154
0.0007109637
0.0003653563
0.0006122187
0.0008294576
0.0008294576
0.0002863604
0.0004443523
0.0004443523
0.0004641013
0.0000197490
0.0004937248
0.0003554818
0.0009578260
0.0008294576
0.0000691215
0.0004542268
0.0004147288
0.0002863604
0.0007208381
0.0003159838
0.0000098745
0.0000394980
0.0008985791
0.0003456073
0.0004542268
0.0005825952
0.0005332227
0.0009183281
0.0008492066
0.0009282025
0.0000197490
0.0007899596
0.0000197490
0.0006714657
0.0008887046
0.0002666114
0.0003061094
0.0001777409
0.0004246033
0.0004641013
0.0003357328
0.0006517167
0.0001876154
0.0009282025
0.0002271134
0.0000987450
0.0007800851
0.0000888705
0.0002271134
0.0003258583
0.0004739758
0.0003653563
0.0005233482
0.0000098745
0.0001678664
0.0002764859
0.0001876154
0.0005233482
0.0001184939
0.0007010892
0.0000197490
0.0000000000
0.0006714657
0.0001184939
0.0005035993
0.0002172389
0.0000987450
0.0007109637
0.0000197490
0.0000493725
0.0004344778
0.0000000000
0.0001086194
0.0007504616
0.0009677005
0.0002863604
0.0008097086
0.0009282025
0.0001382429
0.0004246033
0.0007109637
0.0005727207
0.0001579919
0.0009479515
0.0004443523
0.0001579919
0.0000098745
0.0000493725
0.0006122187
0.0004147288
0.0006220932
0.0000888705
0.0004739758
0.0007899596
0.0001579919
0.0004739758
0.0007109637
0.0009578260
0.0001481174
0.0008788301
0.0007208381
0.0009479515
0.0002567369
0.0003851053
0.0001283684
0.0000098745
0.0003456073
0.0006023442
0.0007208381
0.0004443523
0.0000888705
0.0003752308
0.0007307126
0.0006517167
0.0003653563
0.0005727207
0.0003159838
0.0001876154
0.0000888705
0.0005628462
0.0002962349
0.0003949798
0.0009380770
0.0002764859
0.0001974899
0.0001678664
0.0001876154
0.0003851053
0.0001481174
0.0005233482
0.0008689556
0.0003653563
0.0008985791
0.0001876154
0.0000000000
0.0008492066
0.0005134737
0.0005430972
0.0000888705
0.0007307126
0.0005035993
0.0003851053
0.0001777409
0.0008887046
0.0001974899
0.0003851053
0.0003851053
0.0009084536
0.0004344778
0.0008097086
0.0003159838
0.0006615912
0.0009874495
0.0003258583
0.0007208381
0.0007405871
0.0002172389
0.0002962349
0.0006912147
0.0000197490
0.0006122187
0.0004048543
0.0004838503
0.0008689556
0.0006912147
0.0000592470
0.0004937248
0.0006023442
0.0006122187
0.0001283684
0.0004739758
0.0000888705
0.0004937248
0.0003159838
0.0004937248
0.0003752308
0.0002666114
0.0005035993
0.0004443523
0.0005529717
0.0004641013
0.0009183281
0.0005628462
0.0001876154
0.0007702106
0.0006418422
0.0002172389
0.0008985791
0.0002666114
0.0002271134
0.0000789960
0.0002764859
0.0005134737
0.0009874495
0.0001184939
0.0002863604
0.0007010892
0.0007504616
0.0002271134
0.0001086194
0.0005430972
0.0004739758
0.0008788301
0.0008294576
0.0002172389
0.0003061094
0.0009677005
0.0003752308
0.0007899596
0.0009380770
0.0003357328
0.0008492066
0.0007800851
0.0001481174
0.0004344778
0.0000888705
0.0000987450
0.0001184939
0.0004542268
0.0008689556
0.0005035993
0.0003159838
0.0007800851
0.0002764859
0.0003258583
0.0001777409
0.0008097086
0.0008294576
0.0006813402
0.0008689556
0.0008788301
0.0009084536
0.0002764859
0.0005233482
0.0007010892
0.0007010892
0.0003159838
0.0006220932
0.0008788301
0.0009578260
0.0000296235
0.0007800851
0.0007109637
0.0001086194
0.0002863604
0.0008097086
0.0005825952
0.0006122187
0.0007208381
0.0004344778
0.0000592470
0.0006418422
0.0000394980
0.0005727207
0.0005332227
0.0008985791
0.0007504616
0.0007603361
0.0002369879
0.0003554818
0.0000000000
0.0009578260
0.0006813402
0.0007603361
0.0005529717
0.0001382429
0.0004838503
0.0000592470
0.0006615912
0.0009183281
0.0005035993
0.0006418422
0.0006615912
0.0000691215
0.0009183281
0.0009874495
0.0005332227
0.0002271134
0.0007702106
0.0006418422
0.0008393321
0.0006912147
0.0001382429
0.0002764859
0.0004246033
0.0009380770
0.0002073644
0.0002172389
0.0003258583
0.0007307126
0.0009183281
0.0004937248
0.0002172389
0.0000592470
0.0004838503
0.0006220932
0.0004246033
0.0003851053
0.0009874495
0.0008788301
0.0007109637
0.0000394980
0.0009677005
0.0000493725
0.0003554818
0.0003851053
0.0003752308
0.0009380770
0.0006912147
0.0009578260
0.0008689556
0.0006122187
0.0006714657
0.0007109637
0.0003851053
0.0000394980
0.0007899596
0.0000493725
0.0001777409
0.0003653563
0.0006912147
0.0006418422
0.0006813402
0.0006517167
0.0002271134
0.0006418422
0.0006813402
0.0006912147
0.0003752308
0.0006714657
0.0004838503
0.0008097086
0.0007307126
0.0003061094
0.0005430972
0.0008195831
0.0006319677
0.0000592470
0.0005233482
0.0003554818
0.0009578260
0.0001876154
0.0004937248
0.0000691215
0.0005727207
0.0007405871
0.0003554818
0.0002962349
0.0001184939
0.0005430972
0.0001481174
0.0004443523
0.0006615912
0.0009677005
0.0000000000
0.0008492066
0.0007899596
0.0009084536
0.0001678664
0.0008887046
0.0003357328
0.0001579919
0.0002567369
0.0007405871
0.0006122187
0.0007800851
0.0005727207
0.0002172389
0.0002369879
0.0005924697
0.0006220932
0.0000691215
0.0001678664
0.0002271134
0.0003456073
0.0003851053
0.0008590811
0.0009775750
0.0000493725
0.0002172389
0.0000592470
0.0006023442
0.0005628462
0.0006023442
0.0005430972
0.0009677005
0.0002764859
0.0000987450
0.0004937248
0.0009874495
0.0007208381
0.0007800851
0.0006220932
0.0000888705
0.0008590811
0.0007603361
0.0006319677
0.0007702106
0.0007800851
0.0007504616
0.0008097086
0.0008985791
0.0007010892
0.0003159838
0.0000197490
0.0000493725
0.0002863604
0.0007109637
0.0007504616
0.0003159838
0.0005924697
0.0004739758
0.0005233482
0.0006023442
0.0001283684
0.0000296235
0.0009084536
0.0004937248
0.0009380770
0.0002567369
0.0003061094
0.0000789960
0.0008985791
0.0000098745
0.0009578260
0.0002863604
0.0009775750
0.0007504616
0.0006813402
0.0004147288
0.0004739758
0.0002666114
0.0001876154
0.0001876154
0.0009479515
0.0004937248
0.0004937248
0.0009578260
0.0007010892
0.0002962349
0.0003357328
0.0002073644
0.0001382429
0.0005332227
0.0009479515
0.0008492066
0.0007010892
0.0006714657
0.0001876154
0.0007998341
0.0001382429
0.0003554818
0.0008195831
0.0000888705
0.0001974899
0.0008887046
0.0009282025
0.0004641013
0.0001086194
0.0000789960
0.0004542268
0.0005430972
0.0008097086
0.0005332227
0.0003752308
0.0009874495
0.0009874495
0.0008985791
0.0000296235
0.0006813402
0.0008393321
0.0007702106
0.0003061094
0.0003357328
0.0006517167
0.0001974899
0.0004542268
0.0001184939
0.0006714657
0.0005628462
0.0000493725
0.0003949798
0.0007603361
0.0002369879
0.0001382429
0.0009380770
0.0001777409
0.0008097086
0.0008492066
0.0008097086
0.0004344778
0.0008985791
0.0000098745
0.0009282025
0.0007702106
0.0002764859
0.0003653563
0.0000197490
0.0009282025
0.0007800851
0.0008985791
0.0004246033
0.0001184939
0.0009775750
0.0007800851
0.0005332227
0.0000197490
0.0003061094
0.0006319677
0.0003258583
0.0007504616
0.0005332227
0.0005924697
0.0008788301
0.0007504616
0.0003949798
0.0004739758
0.0006319677
0.0006517167
0.0007307126
0.0002863604
0.0008097086
0.0002073644
0.0001974899
0.0006714657
0.0003061094
0.0004641013
0.0004048543
0.0007800851
0.0002172389
0.0006912147
0.0009578260
0.0003949798
0.0004344778
0.0008985791
0.0003653563
0.0002073644
0.0004937248
0.0000394980
0.0008590811
0.0007702106
0.0000197490
0.0007010892
0.0000098745
0.0005628462
0.0007702106
0.0005233482
0.0009380770
0.0009380770
0.0000493725
0.0003949798
0.0006319677
0.0009282025
0.0002567369
0.0000098745
0.0006220932
0.0007702106
0.0005529717
0.0000888705
0.0004246033
0.0003159838
0.0006912147
0.0003159838
0.0000592470
0.0009380770
0.0008689556
0.0008590811
0.0009183281
0.0005035993
0.0003949798
0.0001974899
0.0001974899
0.0000592470
0.0004147288
0.0001777409
0.0004739758
0.0006813402
0.0000691215
0.0006319677
0.0007010892
0.0003554818
0.0006122187
0.0008689556
0.0002271134
0.0005825952
0.0006615912
0.0008788301
0.0008097086
0.0005529717
0.0004542268
0.0007998341
0.0004246033
0.0007109637
0.0006220932
0.0005924697
0.0002073644
0.0003357328
0.0007208381
0.0003357328
0.0008294576
0.0007307126
0.0000296235
0.0009380770
0.0002567369
0.0000888705
0.0001283684
0.0008294576
0.0001382429
0.0003061094
0.0001579919
0.0003061094
0.0008887046
0.0008590811
0.0006023442
0.0006418422
0.0004443523
0.0003851053
0.0000394980
0.0006220932
0.0004246033
