7
0.0276179517
0.0337552743
0.0161104718
0.0184119678
0.0379746835
0.0368239356
0.0230149597
0.0329881089
0.0019179133
0.0061373226
0.0233985424
0.0287686997
0.0264672037
0.0046029919
0.0379746835
0.0218642117
0.0107403145
0.0222477944
0.0241657077
0.0372075182
0.0295358650
0.0199462984
0.0080552359
0.0295358650
0.0349060222
0.0103567319
0.0341388569
0.0283851170
0.0000000000
0.0030686613
0.0026850786
0.0057537399
0.0364403529
0.0299194476
0.0126582278
0.0214806291
0.0237821250
0.0099731492
0.0176448025
0.0088224012
0.0126582278
0.0034522440
0.0333716916
0.0015343306
0.0115074799
0.0291522823
0.0161104718
0.0214806291
0.0314537783
