65
0.0002660585
0.0003040669
0.0002993158
0.0003278221
0.0002470544
0.0002185481
0.0001757887
0.0003278221
0.0000285063
0.0001045230
0.0004751045
0.0004323451
0.0004608514
0.0003088179
0.0004133409
0.0003230711
0.0000997719
0.0003943368
0.0004275941
0.0000000000
0.0001425314
0.0003468263
0.0004465983
0.0001140251
0.0004561003
0.0003230711
0.0003563284
0.0001235272
0.0000617636
0.0003135690
0.0001425314
0.0003230711
0.0003373242
0.0001235272
0.0000095021
0.0000380084
0.0002328012
0.0003040669
0.0001092740
0.0002803117
0.0002137970
0.0002280502
0.0002280502
0.0002755606
0.0002423033
0.0000807678
0.0003895857
0.0003705815
0.0001615355
0.0000665146
0.0004656024
0.0001235272
0.0001282782
0.0002945648
0.0000997719
0.0004465983
0.0004656024
0.0002850627
0.0003468263
0.0001710376
0.0004085899
0.0004038388
0.0003183200
0.0004228430
0.0001092740
0.0004180920
0.0000902699
0.0000000000
0.0000902699
0.0003848347
0.0004418472
0.0001757887
0.0001662866
0.0003563284
0.0000712657
0.0002850627
0.0000617636
0.0001140251
0.0001377803
0.0004180920
0.0004418472
0.0001900418
0.0002375523
0.0000570125
0.0003753326
0.0000522615
0.0002898138
0.0004418472
0.0003040669
0.0002898138
0.0003895857
0.0002755606
0.0000047510
0.0001947929
0.0000190042
0.0003183200
0.0002945648
0.0000997719
0.0000997719
0.0003230711
0.0000807678
0.0001757887
0.0002565564
0.0001900418
0.0003943368
0.0001282782
0.0001805397
0.0000237552
0.0001472824
0.0000142531
0.0004085899
0.0000902699
0.0002613075
0.0000950209
0.0004608514
0.0001092740
0.0003420753
0.0003183200
0.0001852908
0.0001092740
0.0004085899
0.0001330293
0.0001900418
0.0004370962
0.0002090460
0.0001852908
0.0000427594
0.0000095021
0.0003088179
0.0002660585
0.0001662866
0.0000570125
0.0003753326
0.0003468263
0.0002708096
0.0000665146
0.0004703535
0.0003990878
0.0000190042
0.0001092740
0.0004703535
0.0000237552
0.0002042949
0.0002898138
0.0002137970
0.0002945648
0.0000712657
0.0000142531
0.0002375523
0.0000522615
0.0004085899
0.0002993158
0.0001187761
0.0001615355
0.0003990878
0.0000617636
0.0001377803
0.0003800836
0.0001330293
0.0004275941
0.0004133409
0.0000950209
0.0004228430
0.0002185481
0.0000950209
0.0001282782
0.0001947929
0.0001805397
0.0001567845
0.0003468263
0.0001472824
0.0001805397
0.0000380084
0.0001757887
0.0001330293
0.0004561003
0.0001805397
0.0000142531
0.0000665146
0.0001900418
0.0004561003
0.0001425314
0.0001092740
0.0001330293
0.0004085899
0.0002232991
0.0003848347
0.0003515773
0.0001947929
0.0004656024
0.0003088179
0.0004323451
0.0001805397
0.0004418472
0.0000427594
0.0000190042
0.0002850627
0.0001805397
0.0000475105
0.0004228430
0.0004465983
0.0002708096
0.0000997719
0.0001330293
0.0000142531
0.0002803117
0.0003705815
0.0003943368
0.0000997719
0.0002470544
0.0002850627
0.0002755606
0.0002898138
0.0000332573
0.0001472824
0.0004275941
0.0000712657
0.0002090460
0.0001567845
0.0001235272
0.0003135690
0.0001567845
0.0003943368
0.0004180920
0.0001757887
0.0001662866
0.0001520334
0.0003515773
0.0003563284
0.0000237552
0.0000855188
0.0004418472
0.0001140251
0.0003230711
0.0000570125
0.0001377803
0.0002993158
0.0003943368
0.0002137970
0.0003325732
0.0002945648
0.0003183200
0.0000570125
0.0003848347
0.0004228430
0.0003420753
0.0004751045
0.0003135690
0.0003658305
0.0002423033
0.0003848347
0.0002042949
0.0004418472
0.0003088179
0.0001757887
0.0002755606
0.0003515773
0.0002993158
0.0002945648
0.0004513493
0.0003278221
0.0000380084
0.0002423033
0.0002898138
0.0001092740
0.0000855188
0.0003468263
0.0000665146
0.0000380084
0.0004513493
0.0002328012
0.0003800836
0.0001615355
0.0004228430
0.0003895857
0.0001092740
0.0001852908
0.0003088179
0.0003278221
0.0001852908
0.0004656024
0.0001710376
0.0001852908
0.0000760167
0.0002280502
0.0003468263
0.0002518054
0.0003515773
0.0003753326
0.0002185481
0.0003753326
0.0000902699
0.0002708096
0.0003325732
0.0003325732
0.0002375523
0.0004513493
0.0000570125
0.0000950209
0.0003325732
0.0000095021
0.0000712657
0.0004275941
0.0000427594
0.0002375523
0.0003468263
0.0001995439
0.0004656024
0.0003468263
0.0004418472
0.0000285063
0.0002137970
0.0003848347
0.0000000000
0.0002423033
0.0000902699
0.0002708096
0.0000095021
0.0002137970
0.0000950209
0.0000950209
0.0001377803
0.0000475105
0.0000190042
0.0004656024
0.0004418472
0.0002280502
0.0002280502
0.0004180920
0.0002660585
0.0002185481
0.0003895857
0.0000665146
0.0000665146
0.0001330293
0.0003135690
0.0000047510
0.0001140251
0.0004370962
0.0003563284
0.0003088179
0.0004275941
0.0004228430
0.0004275941
0.0001187761
0.0001995439
0.0003278221
0.0002518054
0.0001995439
0.0000427594
0.0001330293
0.0003848347
0.0001852908
0.0004751045
0.0002898138
0.0002993158
0.0002280502
0.0003895857
0.0003040669
0.0003278221
0.0001330293
0.0001900418
0.0003848347
0.0000760167
0.0001520334
0.0000570125
0.0003705815
0.0000712657
0.0001852908
0.0002565564
0.0000427594
0.0001567845
0.0004275941
0.0004751045
0.0001757887
0.0003800836
0.0003990878
0.0003800836
0.0002850627
0.0002613075
0.0002090460
0.0000997719
0.0003420753
0.0000522615
0.0003848347
0.0000047510
0.0003515773
0.0000095021
0.0004608514
0.0000000000
0.0002993158
0.0003943368
0.0000475105
0.0004275941
0.0001425314
0.0000522615
0.0000380084
0.0003895857
0.0001377803
0.0002993158
0.0002613075
0.0004656024
0.0003468263
0.0004703535
0.0002993158
0.0002042949
0.0002850627
0.0000950209
0.0002470544
0.0001140251
0.0002660585
0.0002185481
0.0004038388
0.0001520334
0.0000855188
0.0001282782
0.0000807678
0.0002518054
0.0001567845
0.0000950209
0.0000475105
0.0003183200
0.0001662866
0.0001472824
0.0004465983
0.0000475105
0.0000190042
0.0001282782
0.0003515773
0.0003753326
0.0003705815
0.0004228430
0.0001567845
0.0000997719
0.0004228430
0.0004085899
0.0000997719
0.0001235272
0.0002232991
0.0003278221
0.0002185481
0.0004323451
0.0003135690
0.0002042949
0.0000332573
0.0003420753
0.0001710376
0.0002565564
0.0003658305
0.0004561003
0.0001140251
0.0003658305
0.0000950209
0.0003610794
0.0001377803
0.0003088179
0.0004608514
0.0002137970
0.0000902699
0.0003135690
0.0004323451
0.0001330293
0.0000142531
0.0000095021
0.0000712657
0.0001520334
0.0003135690
0.0000142531
0.0002565564
0.0003325732
0.0000000000
0.0000997719
0.0002993158
0.0004275941
0.0003230711
0.0003135690
0.0001330293
0.0000950209
0.0000807678
0.0003373242
0.0000237552
0.0003183200
0.0004513493
0.0002613075
0.0004133409
0.0001947929
0.0001615355
0.0002518054
0.0004513493
0.0004228430
0.0002613075
0.0001710376
0.0001947929
0.0003610794
0.0000047510
0.0003515773
0.0002042949
0.0001900418
0.0003040669
0.0001092740
0.0003990878
0.0000332573
0.0003468263
0.0004228430
0.0001995439
0.0000617636
0.0003895857
0.0003373242
0.0000712657
0.0000617636
0.0002328012
0.0004703535
0.0001520334
0.0002185481
0.0001140251
0.0002090460
0.0004370962
0.0000712657
0.0001662866
0.0002755606
0.0000380084
0.0002280502
0.0004561003
0.0001140251
0.0000902699
0.0003658305
0.0003515773
0.0004465983
0.0004323451
0.0000332573
0.0003848347
0.0002042949
0.0001852908
0.0003705815
0.0002850627
0.0002565564
0.0003278221
0.0003135690
0.0002090460
0.0004180920
0.0001425314
0.0003325732
0.0000855188
0.0000522615
0.0002565564
0.0004465983
0.0001377803
0.0002090460
0.0001852908
0.0003373242
0.0002470544
0.0001710376
0.0003658305
0.0002993158
0.0004228430
0.0001567845
0.0002803117
0.0000427594
0.0001520334
0.0003895857
0.0004323451
0.0000617636
0.0002708096
0.0000000000
0.0004370962
0.0000522615
0.0002898138
0.0001852908
0.0000237552
0.0004323451
0.0000522615
0.0001472824
0.0001900418
0.0001235272
0.0000902699
0.0001425314
0.0004275941
0.0002660585
0.0002518054
0.0003658305
0.0004465983
0.0002328012
0.0003468263
0.0003278221
0.0004465983
0.0001662866
0.0001900418
0.0004465983
0.0004038388
0.0002280502
0.0002803117
0.0003135690
0.0003183200
0.0001377803
0.0001900418
0.0001757887
0.0004513493
0.0003420753
0.0003183200
0.0000950209
0.0003800836
0.0002708096
0.0000047510
0.0002993158
0.0002803117
0.0004418472
0.0003183200
0.0000950209
0.0003895857
0.0004656024
0.0002090460
0.0002185481
0.0003420753
0.0001425314
0.0003848347
0.0001520334
0.0003230711
0.0001900418
0.0001520334
0.0001472824
0.0003990878
0.0002898138
0.0000807678
0.0001425314
0.0004465983
0.0002518054
0.0004133409
0.0002565564
0.0003658305
0.0002613075
0.0004608514
0.0000475105
0.0001330293
0.0004133409
0.0002423033
0.0001330293
0.0004703535
0.0004751045
0.0001045230
0.0003373242
0.0004180920
0.0003705815
0.0004085899
0.0002708096
0.0000997719
0.0001615355
0.0003610794
0.0001567845
0.0004085899
0.0003800836
0.0001900418
0.0001472824
0.0000665146
0.0003848347
0.0000427594
0.0000190042
0.0002090460
0.0003610794
0.0001330293
0.0000000000
0.0002945648
0.0001615355
0.0000237552
0.0001757887
0.0004608514
0.0000380084
0.0002137970
0.0002328012
0.0000000000
0.0000665146
0.0003800836
0.0002898138
0.0003088179
0.0004418472
0.0001282782
0.0003895857
0.0004275941
0.0000380084
0.0002042949
0.0003800836
0.0001140251
0.0001805397
0.0001757887
0.0002470544
0.0001852908
0.0002423033
0.0000617636
0.0001852908
0.0003658305
0.0001282782
0.0001330293
0.0001330293
0.0004465983
0.0001472824
0.0002660585
0.0003705815
0.0002185481
0.0001852908
0.0000570125
0.0004180920
0.0001615355
0.0000380084
0.0004656024
0.0003468263
0.0003183200
0.0001615355
0.0001520334
0.0003848347
0.0000190042
0.0003230711
0.0002328012
0.0003468263
0.0003278221
0.0002850627
0.0001282782
0.0003040669
0.0002898138
0.0004323451
0.0000142531
0.0004561003
0.0002328012
0.0003088179
0.0001710376
0.0003895857
0.0004038388
0.0001615355
0.0004038388
0.0000855188
0.0003088179
0.0003515773
0.0000427594
0.0000142531
0.0001900418
0.0001615355
0.0003610794
0.0001710376
0.0001472824
0.0003705815
0.0002280502
0.0003943368
0.0004465983
0.0004513493
0.0004418472
0.0000095021
0.0003610794
0.0002280502
0.0003658305
0.0001425314
0.0003658305
0.0004228430
0.0003610794
0.0000142531
0.0002518054
0.0001520334
0.0000475105
0.0000427594
0.0000380084
0.0001045230
0.0003183200
0.0000997719
0.0000475105
0.0000475105
0.0000712657
0.0003135690
0.0003468263
0.0003895857
0.0002945648
0.0003040669
0.0001520334
0.0002708096
0.0002328012
0.0000237552
0.0004180920
0.0000712657
0.0004608514
0.0003183200
0.0003325732
0.0001995439
0.0002993158
0.0002137970
0.0001757887
0.0002898138
0.0004275941
0.0000475105
0.0000522615
0.0004275941
0.0000665146
0.0003563284
0.0002945648
0.0003088179
0.0002375523
0.0000047510
0.0003325732
0.0002708096
0.0001567845
0.0004513493
0.0002185481
0.0004751045
0.0002185481
0.0002898138
0.0004038388
0.0002042949
0.0003183200
0.0001282782
0.0001947929
0.0000427594
0.0004465983
0.0003990878
0.0001235272
0.0002280502
0.0003373242
0.0003325732
0.0001567845
0.0002993158
0.0003278221
0.0002042949
0.0001662866
0.0003420753
0.0002755606
0.0004703535
0.0004133409
0.0001330293
0.0003990878
0.0000332573
0.0000285063
0.0001282782
0.0000522615
0.0000712657
0.0002993158
0.0004608514
0.0004038388
0.0002137970
0.0000570125
0.0000047510
0.0000712657
0.0002518054
0.0000380084
0.0000142531
0.0003468263
0.0004275941
0.0004038388
0.0000997719
0.0000760167
0.0000190042
0.0004085899
0.0001187761
0.0000570125
0.0003040669
0.0004275941
0.0003278221
0.0001947929
0.0003325732
0.0001567845
0.0001710376
0.0001425314
0.0002280502
0.0000332573
0.0003420753
0.0002945648
0.0002090460
0.0003278221
0.0004703535
0.0000475105
0.0000427594
0.0003610794
0.0002755606
0.0003420753
0.0002708096
0.0001615355
0.0001140251
0.0000902699
0.0004418472
0.0000855188
0.0003468263
0.0004608514
0.0002232991
0.0002232991
0.0003753326
0.0000665146
0.0002755606
0.0004133409
0.0001092740
0.0002850627
0.0004561003
0.0002708096
0.0004513493
0.0003800836
0.0003325732
0.0001710376
0.0000760167
0.0001900418
0.0002660585
0.0000902699
0.0001092740
0.0004465983
0.0003040669
0.0001757887
0.0000760167
0.0003943368
0.0004465983
0.0004370962
0.0002565564
0.0001377803
0.0002137970
0.0001520334
0.0000000000
0.0000095021
0.0002090460
0.0004513493
0.0001662866
0.0004561003
0.0003278221
0.0001377803
0.0001235272
0.0001235272
0.0004513493
0.0000570125
0.0002137970
0.0001615355
0.0001092740
0.0001805397
0.0003563284
0.0004180920
0.0003278221
0.0003420753
0.0003278221
0.0004228430
0.0002755606
0.0001757887
0.0001092740
0.0001377803
0.0002375523
0.0003610794
0.0003848347
0.0003610794
0.0000047510
0.0003230711
0.0001852908
0.0002803117
0.0001187761
0.0000855188
0.0001045230
0.0001235272
0.0001092740
0.0003705815
0.0001330293
0.0001805397
0.0003183200
0.0004323451
0.0002565564
0.0003800836
0.0001520334
0.0002185481
0.0003990878
0.0000047510
0.0002470544
0.0002185481
0.0000665146
0.0004228430
0.0000712657
0.0003943368
0.0003088179
0.0004561003
0.0000950209
0.0000475105
0.0003183200
0.0000047510
0.0002328012
0.0000285063
0.0003278221
0.0001472824
0.0002280502
0.0000332573
0.0000522615
0.0000760167
0.0003848347
0.0000427594
0.0000522615
0.0004275941
0.0004323451
0.0001852908
0.0004085899
0.0000000000
0.0001710376
0.0000000000
0.0004561003
0.0001092740
0.0002423033
0.0002137970
0.0001947929
0.0001805397
0.0002518054
0.0001472824
0.0002232991
0.0002328012
0.0002993158
0.0003658305
0.0001710376
0.0002945648
0.0003753326
0.0002470544
0.0003183200
0.0001425314
0.0000902699
0.0004275941
0.0000095021
0.0002708096
0.0004751045
0.0004085899
0.0004656024
0.0004703535
0.0002850627
0.0001140251
0.0004751045
0.0001710376
0.0003040669
0.0001092740
0.0002850627
0.0004561003
0.0000855188
0.0001187761
0.0002850627
0.0004275941
0.0003563284
0.0004038388
0.0001140251
0.0004038388
0.0002042949
0.0003848347
0.0003610794
0.0000427594
0.0001995439
0.0000522615
0.0001805397
0.0002042949
0.0003088179
0.0003420753
0.0003990878
0.0004751045
0.0000712657
0.0001282782
0.0004038388
0.0001187761
0.0004656024
0.0003705815
0.0004608514
0.0004180920
0.0002613075
0.0001567845
0.0003943368
0.0004275941
0.0002755606
0.0000807678
0.0001187761
0.0003135690
0.0002280502
0.0002090460
0.0001805397
0.0003040669
0.0004323451
0.0003325732
0.0004323451
0.0002993158
0.0001472824
0.0002185481
0.0004275941
0.0002185481
0.0002090460
0.0003468263
0.0002470544
0.0001852908
0.0000950209
0.0003705815
0.0003705815
0.0004275941
0.0000000000
0.0001805397
0.0004133409
0.0003705815
0.0002470544
0.0000997719
0.0000760167
0.0001282782
0.0000522615
0.0000617636
0.0004703535
0.0003183200
0.0001472824
0.0000617636
0.0001425314
0.0000522615
0.0003990878
0.0002328012
0.0003943368
0.0004703535
0.0003895857
0.0002898138
0.0000237552
0.0004513493
0.0001140251
0.0003658305
0.0003278221
0.0000047510
0.0000332573
0.0002898138
0.0000095021
0.0000285063
0.0000190042
0.0003658305
0.0003990878
0.0001092740
0.0000332573
0.0003325732
0.0000712657
0.0004656024
0.0001045230
0.0004608514
0.0000570125
0.0003800836
0.0003325732
0.0001995439
0.0004180920
0.0000475105
0.0000617636
0.0000950209
0.0000522615
0.0003658305
0.0002280502
0.0003705815
0.0002185481
0.0000047510
0.0003800836
0.0001995439
0.0001140251
0.0001187761
0.0004561003
0.0003183200
0.0000047510
0.0004180920
0.0003373242
0.0004133409
0.0001852908
0.0003420753
0.0004370962
0.0001235272
0.0003943368
0.0002185481
0.0000237552
0.0003753326
0.0000095021
0.0000712657
0.0000522615
0.0003135690
0.0002613075
0.0000570125
0.0004085899
0.0000855188
0.0003943368
0.0003895857
0.0001615355
0.0004275941
0.0003705815
0.0003848347
0.0002042949
0.0002232991
0.0003895857
0.0001045230
0.0003848347
0.0002090460
0.0002090460
0.0003610794
0.0001377803
0.0001092740
0.0000427594
0.0003658305
0.0001425314
0.0004561003
0.0004180920
0.0000380084
0.0004133409
0.0002470544
0.0000665146
0.0001330293
0.0002613075
0.0001567845
0.0000190042
0.0003088179
0.0002755606
0.0002185481
0.0003230711
0.0004085899
0.0000522615
0.0001757887
0.0004656024
0.0004561003
0.0000902699
0.0003658305
0.0003895857
0.0000807678
0.0001757887
0.0001805397
0.0003040669
0.0002090460
0.0000475105
0.0002090460
0.0000807678
0.0004180920
0.0003895857
0.0001805397
0.0003658305
0.0002993158
0.0001662866
0.0004418472
0.0001947929
0.0004038388
0.0001995439
0.0000285063
0.0000427594
0.0004751045
0.0003943368
0.0003895857
0.0000760167
0.0003658305
0.0001520334
0.0003373242
0.0002565564
0.0003848347
0.0004180920
0.0002660585
0.0003468263
0.0001140251
0.0004465983
0.0001947929
0.0003563284
0.0000047510
0.0002993158
0.0002090460
0.0003040669
0.0001187761
0.0004465983
0.0001805397
0.0000332573
0.0003088179
0.0003753326
0.0002328012
0.0002850627
0.0000237552
0.0001282782
0.0002565564
0.0000000000
0.0000285063
0.0002708096
0.0001615355
0.0000712657
0.0003658305
0.0001662866
0.0001567845
0.0003658305
0.0001520334
0.0000190042
0.0003895857
0.0001187761
0.0003753326
0.0000380084
0.0002137970
0.0001472824
0.0002803117
0.0001995439
0.0004751045
0.0004370962
0.0001045230
0.0000902699
0.0001852908
0.0004038388
0.0002185481
0.0002375523
0.0004085899
0.0004703535
0.0003468263
0.0004133409
0.0003373242
0.0000902699
0.0004323451
0.0001520334
0.0002375523
0.0000950209
0.0000380084
0.0000142531
0.0002328012
0.0004370962
0.0003610794
0.0003848347
0.0004465983
0.0000855188
0.0001140251
0.0002328012
0.0004608514
0.0003278221
0.0002423033
0.0002375523
0.0000000000
0.0003610794
0.0001187761
0.0000427594
0.0000047510
0.0003658305
0.0001615355
0.0004608514
0.0000190042
0.0000427594
0.0003515773
0.0003373242
0.0000950209
0.0004703535
0.0001662866
0.0002375523
0.0004323451
0.0002613075
0.0000855188
0.0003515773
0.0000807678
0.0004703535
0.0004085899
0.0001140251
0.0000665146
0.0003658305
0.0004561003
0.0002708096
0.0000000000
0.0002803117
0.0000617636
0.0003468263
0.0001472824
0.0000427594
0.0000902699
0.0000807678
0.0004133409
0.0000000000
0.0003088179
0.0002328012
0.0002660585
0.0001757887
0.0000902699
0.0004418472
0.0001045230
0.0000760167
0.0000190042
0.0000522615
0.0002518054
0.0000047510
0.0003040669
0.0000285063
0.0003848347
0.0000522615
0.0004751045
0.0000807678
0.0002042949
0.0004608514
0.0002328012
0.0002993158
0.0002850627
0.0004370962
0.0000047510
0.0000570125
0.0000285063
0.0003325732
0.0001567845
0.0000047510
0.0003373242
0.0003705815
0.0004370962
0.0003373242
0.0004465983
0.0003800836
0.0001900418
0.0002328012
0.0004418472
0.0003943368
0.0003658305
0.0002090460
0.0000475105
0.0000285063
0.0000950209
0.0002518054
0.0003610794
0.0002518054
0.0004180920
0.0002945648
0.0000000000
0.0004751045
0.0001330293
0.0001377803
0.0003705815
0.0003658305
0.0000950209
0.0001282782
0.0004038388
0.0001377803
0.0001900418
0.0001852908
0.0003753326
0.0001282782
0.0003040669
0.0000617636
0.0001947929
0.0003705815
0.0003990878
0.0000332573
0.0000855188
0.0001187761
0.0000285063
0.0001092740
0.0000237552
0.0001282782
0.0001187761
0.0001567845
0.0003420753
0.0001805397
0.0001140251
0.0002232991
0.0004275941
0.0000712657
0.0003183200
0.0002565564
0.0001995439
0.0002708096
0.0004323451
0.0003040669
0.0002518054
0.0001852908
0.0003990878
0.0000380084
0.0004370962
0.0003610794
0.0001330293
0.0003420753
0.0000047510
0.0004656024
0.0000570125
0.0000855188
0.0002042949
0.0002375523
0.0003658305
0.0001092740
0.0003990878
0.0000237552
0.0003088179
0.0002565564
0.0003135690
0.0002993158
0.0000950209
0.0001187761
0.0002898138
0.0002090460
0.0003420753
0.0000522615
0.0001662866
0.0003990878
0.0001805397
0.0004180920
0.0002850627
0.0001947929
0.0003515773
0.0002803117
0.0000142531
0.0003753326
0.0001425314
0.0003135690
0.0000475105
0.0001472824
0.0000095021
0.0002708096
0.0001900418
0.0004656024
0.0003943368
0.0000047510
0.0000190042
0.0001045230
0.0000285063
0.0002232991
0.0002232991
0.0000475105
0.0001567845
0.0003753326
0.0001235272
0.0003515773
0.0002993158
0.0004275941
0.0000712657
0.0001710376
0.0000902699
0.0001330293
0.0000807678
0.0003658305
0.0004370962
0.0000807678
0.0001235272
0.0001187761
0.0004323451
0.0001852908
0.0004418472
0.0000427594
0.0004085899
0.0001615355
0.0000000000
0.0004751045
0.0001520334
0.0002755606
0.0000522615
0.0002898138
0.0003040669
0.0000712657
0.0001662866
0.0003373242
0.0000760167
0.0000285063
0.0000855188
0.0000285063
0.0004751045
0.0004323451
0.0000522615
0.0000950209
0.0003420753
0.0000142531
0.0001615355
0.0004038388
0.0003563284
0.0003515773
0.0000712657
0.0002850627
0.0000902699
0.0002565564
0.0002232991
0.0003800836
0.0004418472
0.0002518054
0.0000000000
0.0001282782
0.0002660585
0.0003278221
0.0001187761
0.0001092740
0.0001472824
0.0000570125
0.0001045230
0.0000665146
0.0000047510
0.0003515773
0.0002613075
0.0003990878
0.0002232991
0.0001092740
0.0002613075
0.0000380084
0.0001710376
0.0003563284
0.0002708096
0.0000427594
0.0001282782
0.0003325732
0.0003753326
0.0004513493
0.0002423033
0.0001377803
0.0002232991
0.0000712657
0.0002993158
0.0003088179
0.0001377803
0.0000190042
0.0002518054
0.0003468263
0.0001377803
0.0000380084
0.0002185481
0.0002090460
0.0004180920
0.0001852908
0.0001187761
0.0003515773
0.0000522615
0.0004323451
0.0003230711
0.0004418472
0.0001615355
0.0000142531
0.0002137970
0.0001805397
0.0001472824
0.0000760167
0.0003895857
0.0002375523
0.0000665146
0.0000902699
0.0001615355
0.0002755606
0.0001947929
0.0002137970
0.0000142531
0.0001377803
0.0002232991
0.0001947929
0.0000047510
0.0004513493
0.0000855188
0.0002755606
0.0003183200
0.0000237552
0.0000760167
0.0003848347
0.0003515773
0.0003563284
0.0001187761
0.0003230711
0.0002755606
0.0000237552
0.0000142531
0.0000807678
0.0000807678
0.0003563284
0.0001045230
0.0003943368
0.0004656024
0.0003230711
0.0004133409
0.0002660585
0.0003800836
0.0004038388
0.0003610794
0.0001852908
0.0000190042
0.0003088179
0.0004085899
0.0002328012
0.0003040669
0.0003230711
0.0004180920
0.0001805397
0.0001995439
0.0000000000
0.0000760167
0.0000902699
0.0002708096
0.0001045230
0.0002993158
0.0002565564
0.0000142531
0.0001377803
0.0002708096
0.0004703535
0.0001615355
0.0001995439
0.0003610794
0.0003373242
0.0004370962
0.0000237552
0.0001520334
0.0003800836
0.0002613075
0.0002423033
0.0000570125
0.0000475105
0.0002803117
0.0003943368
0.0000855188
0.0004275941
0.0001472824
0.0003610794
0.0003705815
0.0004561003
0.0002375523
0.0002232991
0.0004133409
0.0004561003
0.0003658305
0.0004751045
0.0002375523
0.0000142531
0.0003800836
0.0000522615
0.0001045230
0.0003848347
0.0002945648
0.0000712657
0.0000807678
0.0000855188
0.0001662866
0.0003040669
0.0002660585
0.0004703535
0.0000902699
0.0002090460
0.0003183200
0.0003895857
0.0000617636
0.0003753326
0.0003943368
0.0001615355
0.0000665146
0.0000712657
0.0003658305
0.0003658305
0.0003420753
0.0002328012
0.0002755606
0.0004038388
0.0000095021
0.0004370962
0.0000760167
0.0001520334
0.0000000000
0.0002423033
0.0002137970
0.0001282782
0.0002613075
0.0001187761
0.0000997719
0.0001947929
0.0003420753
0.0002945648
0.0000332573
0.0002660585
0.0000285063
0.0000285063
0.0003135690
0.0000285063
0.0000855188
0.0000000000
0.0004038388
0.0001472824
0.0000332573
0.0003943368
0.0004608514
0.0001472824
0.0000617636
0.0002898138
0.0001235272
0.0002660585
0.0001900418
0.0002375523
0.0003563284
0.0002137970
0.0001045230
0.0004418472
0.0000665146
0.0003373242
0.0001187761
0.0001140251
0.0000285063
0.0001757887
0.0002898138
0.0001377803
0.0003848347
0.0001140251
0.0000665146
0.0004228430
0.0003610794
0.0004085899
0.0004038388
0.0002945648
0.0003230711
0.0003610794
0.0004275941
0.0001520334
0.0003135690
0.0001045230
0.0003468263
0.0000095021
0.0001805397
0.0004228430
0.0000807678
0.0000617636
0.0002945648
0.0004038388
0.0001662866
0.0002232991
0.0001472824
0.0002232991
0.0000950209
0.0001425314
0.0002755606
0.0003705815
0.0002755606
0.0002423033
0.0002708096
0.0004608514
0.0000000000
0.0001947929
0.0004038388
0.0002945648
0.0003943368
0.0004085899
0.0002423033
0.0001045230
0.0003705815
0.0001852908
0.0004465983
0.0003183200
0.0000665146
0.0000380084
0.0001377803
0.0000522615
0.0003135690
0.0000522615
0.0000000000
0.0003990878
0.0004275941
0.0002945648
0.0000380084
0.0003753326
0.0001045230
0.0000570125
0.0004228430
0.0000855188
0.0002470544
0.0004228430
0.0000617636
0.0004133409
0.0001900418
0.0001282782
0.0001377803
0.0000807678
0.0001425314
0.0003990878
0.0003753326
0.0003373242
0.0002232991
0.0001852908
0.0002470544
0.0002375523
0.0002328012
0.0000237552
0.0000997719
0.0001330293
0.0002518054
0.0002423033
0.0003658305
0.0000950209
0.0000000000
0.0002565564
0.0003753326
0.0000332573
0.0003943368
0.0000000000
0.0000047510
0.0004751045
0.0002280502
0.0000095021
0.0003705815
0.0003468263
0.0004133409
0.0000475105
0.0003658305
0.0004085899
0.0001900418
0.0001662866
0.0002232991
0.0004465983
0.0001045230
0.0000237552
0.0002232991
0.0004703535
0.0003325732
0.0000760167
0.0002613075
0.0003990878
0.0002565564
0.0000475105
0.0003135690
0.0001757887
0.0004656024
0.0002137970
0.0000285063
0.0004038388
0.0002280502
0.0003705815
0.0003230711
0.0003325732
0.0001805397
0.0002660585
0.0002137970
0.0000807678
0.0003848347
0.0002755606
0.0001045230
0.0000475105
0.0003468263
0.0001330293
0.0004038388
0.0000095021
0.0002042949
0.0002280502
0.0000950209
0.0002042949
0.0000000000
0.0003753326
0.0002803117
0.0004751045
0.0002423033
0.0002137970
0.0000950209
0.0001805397
0.0000000000
0.0003420753
0.0004418472
0.0001900418
0.0000570125
0.0004608514
0.0002993158
0.0004561003
0.0003278221
0.0002993158
0.0002518054
0.0003848347
0.0003610794
0.0003800836
0.0002945648
0.0003278221
0.0001995439
0.0003800836
0.0001092740
0.0001852908
0.0000095021
0.0004323451
0.0002423033
0.0001520334
0.0001615355
0.0004133409
0.0001995439
0.0000332573
0.0001472824
0.0002803117
0.0001567845
0.0002137970
0.0003563284
0.0003753326
0.0001235272
0.0004323451
0.0002708096
0.0004275941
0.0003943368
0.0001235272
0.0002518054
0.0000855188
0.0004180920
0.0001662866
0.0000190042
0.0001852908
0.0001282782
0.0000522615
0.0002090460
0.0003895857
0.0004465983
0.0002423033
0.0002565564
0.0002185481
0.0000855188
0.0002185481
0.0001995439
0.0001710376
0.0000000000
0.0000950209
0.0000997719
0.0004751045
0.0004370962
0.0004656024
0.0004751045
0.0003943368
0.0003563284
0.0004038388
0.0003278221
0.0000000000
0.0003705815
0.0002090460
0.0002090460
0.0001140251
0.0001520334
0.0002993158
0.0003895857
0.0004561003
0.0001282782
0.0004513493
0.0000427594
0.0001805397
0.0001805397
0.0003658305
0.0001900418
0.0001710376
0.0000712657
0.0003990878
0.0002090460
0.0003468263
0.0004323451
0.0002328012
0.0000522615
0.0000997719
0.0000950209
0.0003135690
0.0002945648
0.0004228430
0.0001140251
0.0002423033
0.0004656024
0.0003278221
0.0004608514
0.0000047510
0.0001947929
0.0002375523
0.0000807678
0.0001852908
0.0000047510
0.0001092740
0.0001852908
0.0000285063
0.0004418472
0.0000237552
0.0000380084
0.0004038388
0.0003230711
0.0001520334
0.0003658305
0.0001710376
0.0001140251
0.0003040669
0.0000190042
0.0003420753
0.0001520334
0.0003563284
0.0001520334
0.0000095021
0.0003895857
0.0000190042
0.0000902699
0.0002280502
0.0002090460
0.0004275941
0.0002185481
0.0001330293
0.0003895857
0.0004228430
0.0002470544
0.0003088179
0.0001710376
0.0003563284
0.0001662866
0.0002898138
0.0004180920
0.0004228430
0.0003990878
0.0004751045
0.0001757887
0.0000712657
0.0000570125
0.0000000000
0.0004561003
0.0003230711
0.0002518054
0.0003895857
0.0004370962
0.0004608514
0.0003848347
0.0002803117
0.0004323451
0.0001330293
0.0003658305
0.0003753326
0.0001140251
0.0004418472
0.0001900418
0.0001947929
0.0001140251
0.0004751045
0.0001377803
0.0004085899
0.0000142531
0.0002042949
0.0002850627
0.0000047510
0.0001852908
0.0000142531
0.0001235272
0.0000427594
0.0001045230
0.0003325732
0.0003848347
0.0002042949
0.0000712657
0.0004085899
0.0000000000
0.0001235272
0.0003420753
0.0004228430
0.0004561003
0.0004085899
0.0002470544
0.0002993158
0.0000427594
0.0001520334
0.0003610794
0.0001045230
0.0003088179
0.0004751045
0.0001520334
0.0002993158
0.0001662866
0.0004370962
0.0004323451
0.0003563284
0.0003088179
0.0000807678
0.0000760167
0.0002090460
0.0002660585
0.0002755606
0.0001710376
0.0004085899
0.0000997719
0.0001900418
0.0000855188
0.0002232991
0.0004228430
0.0001187761
0.0003230711
0.0003515773
0.0000285063
0.0004133409
0.0004133409
0.0002375523
0.0002470544
0.0004133409
0.0003325732
0.0001805397
0.0001567845
0.0000285063
0.0001567845
0.0004180920
0.0000142531
0.0002328012
0.0002803117
0.0000332573
0.0001045230
0.0001330293
0.0000237552
0.0003610794
0.0000522615
0.0000997719
0.0003943368
0.0003515773
0.0000475105
0.0004656024
0.0003563284
0.0000380084
0.0002708096
0.0004323451
0.0003325732
0.0000475105
0.0000285063
0.0004133409
0.0001805397
0.0000570125
0.0002423033
0.0004275941
0.0000855188
0.0002708096
0.0003515773
0.0003515773
0.0003088179
0.0000712657
0.0003943368
0.0002993158
0.0001900418
0.0003895857
0.0002423033
0.0003895857
0.0002375523
0.0003515773
0.0001377803
0.0003468263
0.0003230711
0.0002137970
0.0002708096
0.0002090460
0.0000332573
0.0000570125
0.0003325732
0.0000285063
0.0003325732
0.0000902699
0.0002423033
0.0002375523
0.0004608514
0.0002232991
0.0001092740
0.0001472824
0.0001187761
0.0002898138
0.0003278221
0.0003753326
0.0001757887
0.0002042949
0.0002518054
0.0004418472
0.0003658305
0.0000997719
0.0002755606
0.0002185481
0.0004085899
0.0002042949
0.0003895857
0.0002185481
0.0003563284
0.0003183200
0.0002232991
0.0000047510
0.0001567845
0.0002945648
0.0000095021
0.0003373242
0.0000190042
0.0002708096
0.0002137970
0.0003990878
0.0000617636
0.0000617636
0.0001425314
0.0002518054
0.0000665146
0.0003705815
0.0004703535
0.0003800836
0.0000190042
0.0002423033
0.0000570125
0.0003753326
0.0002328012
0.0000285063
0.0003563284
0.0002137970
0.0000190042
0.0001662866
0.0004370962
0.0004608514
0.0000950209
0.0004513493
0.0000332573
0.0004180920
0.0001235272
0.0003990878
0.0003563284
0.0002470544
0.0004038388
0.0001235272
0.0002280502
0.0002708096
0.0001662866
0.0003990878
0.0002993158
0.0002803117
0.0003515773
0.0003658305
0.0000285063
0.0003278221
0.0000000000
0.0004656024
0.0000285063
0.0002423033
0.0003183200
0.0003610794
0.0003943368
0.0003943368
0.0002090460
0.0000712657
0.0002613075
0.0003895857
0.0004513493
0.0001472824
0.0003088179
0.0000380084
0.0001662866
0.0001852908
0.0000807678
0.0003325732
0.0004228430
0.0003658305
0.0001852908
0.0003420753
0.0000285063
0.0002280502
0.0004370962
0.0000617636
0.0003563284
0.0001092740
0.0002660585
0.0001425314
0.0003515773
0.0000047510
0.0002423033
0.0001852908
0.0003658305
0.0003230711
0.0003800836
0.0003848347
0.0001757887
0.0003563284
0.0003230711
0.0004465983
0.0001520334
0.0002660585
0.0002042949
0.0003800836
0.0003230711
0.0000665146
0.0004751045
0.0003800836
0.0004085899
0.0004751045
0.0000095021
0.0004703535
0.0000997719
0.0003753326
0.0000332573
0.0003373242
0.0000047510
0.0000332573
0.0000190042
0.0003278221
0.0003135690
0.0000095021
0.0004038388
0.0004608514
0.0001282782
0.0003515773
0.0002898138
0.0004465983
0.0000570125
0.0002423033
0.0001472824
0.0000807678
0.0000475105
0.0000285063
0.0000665146
0.0000095021
0.0004275941
0.0000332573
0.0002708096
0.0002565564
0.0003040669
0.0001852908
0.0001947929
0.0000142531
0.0003040669
0.0000047510
0.0002137970
0.0003895857
0.0002850627
0.0003515773
0.0003563284
0.0004513493
0.0000807678
0.0002137970
0.0003658305
0.0003610794
0.0001615355
0.0004370962
0.0003563284
0.0004751045
0.0001330293
0.0004370962
0.0000855188
0.0000000000
0.0003515773
0.0003420753
0.0001947929
0.0000095021
0.0001567845
0.0004038388
0.0002185481
0.0002232991
0.0004656024
0.0002945648
0.0000095021
0.0000332573
0.0000427594
0.0000237552
0.0004751045
0.0000950209
0.0002945648
0.0000997719
0.0002613075
0.0004703535
0.0003943368
0.0001710376
0.0000997719
0.0002565564
0.0000475105
0.0004465983
0.0003658305
0.0002328012
0.0003420753
0.0000665146
0.0000522615
0.0002898138
0.0004513493
0.0002755606
0.0000712657
0.0000665146
0.0001757887
0.0001710376
0.0002660585
0.0001615355
0.0000475105
0.0002898138
0.0003040669
0.0004465983
0.0000570125
0.0001472824
0.0003040669
0.0003135690
0.0000902699
0.0001710376
0.0000665146
0.0003230711
0.0003325732
0.0002565564
0.0002137970
0.0003088179
0.0000760167
0.0003800836
0.0002613075
0.0001900418
0.0002518054
0.0000427594
0.0000237552
0.0001282782
0.0002185481
0.0002755606
0.0001472824
0.0003468263
0.0001520334
0.0003990878
0.0004561003
0.0000665146
0.0002137970
0.0003183200
0.0003753326
0.0004038388
0.0002470544
0.0004275941
0.0000237552
0.0003658305
0.0002755606
0.0002232991
0.0000665146
0.0003183200
0.0002328012
0.0003468263
0.0003468263
0.0000522615
0.0000617636
0.0002423033
0.0000190042
0.0001187761
0.0002613075
0.0000095021
0.0000380084
0.0001045230
0.0000950209
0.0000760167
0.0003705815
0.0003895857
0.0004751045
0.0001662866
0.0000950209
0.0003278221
0.0000380084
0.0004703535
0.0001330293
0.0000617636
0.0003135690
0.0000380084
0.0002660585
0.0003278221
0.0004656024
0.0004133409
0.0004323451
0.0002518054
0.0004275941
0.0002328012
0.0004180920
0.0002803117
0.0003848347
0.0001710376
0.0002993158
0.0001045230
0.0001710376
0.0002708096
0.0000190042
0.0001852908
0.0003420753
0.0000570125
0.0000807678
0.0001187761
0.0003563284
0.0002613075
0.0002708096
0.0004228430
0.0002993158
0.0000950209
0.0004656024
0.0001615355
0.0004275941
0.0004133409
0.0004513493
0.0002993158
0.0001045230
0.0002613075
0.0003610794
0.0003373242
0.0000522615
0.0003753326
0.0004608514
0.0002708096
0.0002470544
0.0002042949
0.0004751045
0.0003278221
0.0003468263
0.0004038388
0.0003230711
0.0000475105
0.0002613075
0.0001662866
0.0004038388
0.0003040669
0.0003943368
0.0000570125
0.0003705815
0.0002137970
0.0001947929
0.0002660585
0.0003658305
0.0001947929
0.0000522615
0.0004275941
0.0001662866
0.0000380084
0.0002850627
0.0002328012
0.0001995439
0.0003230711
0.0003800836
0.0003658305
0.0002090460
0.0002613075
0.0000000000
0.0001900418
0.0000902699
0.0001282782
0.0001092740
0.0001900418
0.0002375523
0.0004323451
0.0000997719
0.0003468263
0.0001140251
0.0002565564
0.0000950209
0.0001472824
0.0004608514
0.0001805397
0.0001852908
0.0002803117
0.0000000000
0.0000950209
0.0001282782
0.0000997719
0.0003325732
0.0001662866
0.0000950209
0.0000380084
0.0004751045
0.0003230711
0.0000095021
0.0000570125
0.0004085899
0.0001140251
0.0004561003
0.0000855188
0.0002898138
0.0004370962
0.0000475105
0.0001377803
0.0001187761
0.0002565564
0.0001140251
0.0004133409
0.0002328012
0.0003230711
0.0004180920
0.0000332573
0.0000665146
0.0001377803
0.0004370962
0.0003563284
0.0002518054
0.0004370962
0.0001567845
0.0002660585
0.0001947929
0.0001330293
0.0004038388
0.0001282782
0.0000665146
0.0000190042
0.0001425314
0.0001995439
0.0002803117
0.0001140251
0.0002660585
0.0000950209
0.0003895857
0.0002898138
0.0003183200
0.0000427594
0.0004513493
0.0003325732
0.0001140251
0.0002755606
0.0003705815
0.0002898138
0.0003753326
0.0000190042
0.0001045230
0.0001662866
0.0004275941
0.0003325732
0.0000997719
0.0003563284
0.0000142531
0.0002660585
0.0002898138
0.0002232991
0.0002945648
0.0001377803
0.0004275941
0.0001615355
0.0000807678
0.0004180920
0.0000902699
0.0000950209
0.0004703535
0.0003753326
0.0001092740
0.0003753326
0.0003895857
0.0000237552
0.0002660585
0.0003753326
0.0002660585
0.0003230711
0.0000332573
0.0002850627
0.0003325732
0.0000807678
0.0000617636
0.0003943368
0.0003183200
0.0000095021
0.0001995439
0.0004275941
0.0003373242
0.0003230711
0.0000047510
0.0004608514
0.0003420753
0.0002850627
0.0003563284
0.0000570125
0.0001235272
0.0002850627
0.0000190042
0.0004703535
0.0001425314
0.0001947929
0.0000855188
0.0001710376
0.0000807678
0.0000855188
0.0003420753
0.0003943368
0.0000855188
0.0002137970
0.0003943368
0.0001092740
0.0001472824
0.0002328012
0.0004085899
0.0000142531
0.0003848347
0.0001710376
0.0000617636
0.0001092740
0.0004275941
0.0003848347
0.0000285063
0.0004561003
0.0001425314
0.0003325732
0.0002660585
0.0003468263
0.0002280502
0.0004418472
0.0001900418
0.0000760167
0.0000522615
0.0002185481
0.0003705815
0.0000142531
0.0002755606
0.0000807678
0.0000285063
0.0004703535
0.0000760167
0.0001567845
0.0001235272
0.0001567845
0.0000380084
0.0003183200
0.0001140251
0.0001615355
0.0004370962
0.0002185481
0.0002328012
0.0001187761
0.0001092740
0.0004370962
0.0002518054
0.0000807678
0.0002803117
0.0003373242
0.0002375523
0.0000190042
0.0004038388
0.0002993158
0.0003753326
0.0002232991
0.0001995439
0.0004180920
0.0002423033
0.0004275941
0.0003420753
0.0004608514
0.0000285063
0.0000760167
0.0003895857
0.0000665146
0.0001472824
0.0004513493
0.0001425314
0.0001757887
0.0000332573
0.0003420753
0.0003420753
0.0004180920
0.0004038388
0.0004465983
0.0001045230
0.0004228430
0.0003230711
0.0001377803
0.0001615355
0.0003230711
0.0002660585
0.0000665146
0.0002423033
0.0002328012
0.0001995439
0.0002755606
0.0000142531
0.0002755606
0.0003373242
0.0002850627
0.0000997719
0.0002185481
0.0000665146
0.0000475105
0.0002755606
0.0000095021
0.0001710376
0.0001472824
0.0000237552
0.0003610794
0.0000142531
0.0000095021
0.0001567845
0.0001140251
0.0003468263
0.0003800836
0.0000000000
0.0000095021
0.0003990878
0.0000902699
0.0000095021
0.0003658305
0.0003230711
0.0001520334
0.0002470544
0.0002660585
0.0002850627
0.0004323451
0.0000760167
0.0000522615
0.0001425314
0.0004561003
0.0003895857
0.0004561003
0.0003135690
0.0000997719
0.0004323451
0.0002280502
0.0000570125
0.0003658305
0.0003610794
0.0001472824
0.0004180920
0.0004370962
0.0002470544
0.0001710376
0.0004228430
0.0004133409
0.0002993158
0.0002470544
0.0002185481
0.0000190042
0.0001615355
0.0001235272
0.0003135690
0.0001995439
0.0003848347
0.0004703535
0.0001282782
0.0002470544
0.0003373242
0.0002850627
0.0002850627
0.0004085899
0.0000665146
0.0000522615
0.0000095021
0.0003325732
0.0001995439
0.0003563284
0.0004370962
0.0003943368
0.0001282782
0.0004561003
0.0002518054
0.0001045230
0.0000760167
0.0000190042
0.0003800836
0.0004370962
0.0000712657
0.0002375523
0.0000285063
0.0002708096
0.0003088179
0.0002850627
0.0001947929
0.0002280502
0.0000855188
0.0003943368
0.0001140251
0.0004513493
0.0001520334
0.0004751045
0.0002945648
0.0000095021
0.0001330293
0.0000047510
0.0001140251
0.0002423033
0.0002328012
0.0001710376
0.0003420753
0.0003468263
0.0003610794
0.0004751045
0.0000427594
0.0002185481
0.0002945648
0.0002232991
0.0004751045
0.0001662866
0.0003278221
0.0001852908
0.0002470544
0.0002660585
0.0002660585
0.0001092740
0.0003230711
0.0003325732
0.0002423033
0.0003515773
0.0001092740
0.0003610794
0.0004703535
0.0002470544
0.0000522615
0.0000570125
0.0002945648
0.0003515773
0.0001852908
0.0003230711
0.0003278221
0.0002423033
0.0000047510
0.0001852908
0.0001995439
0.0002090460
0.0004180920
0.0002518054
0.0001710376
0.0003515773
0.0000760167
0.0002470544
0.0001282782
0.0001187761
0.0004703535
0.0002375523
0.0004085899
0.0000665146
0.0004561003
0.0000142531
0.0001282782
0.0002232991
0.0003373242
0.0004323451
0.0001947929
0.0001520334
0.0003325732
0.0003088179
0.0004180920
0.0000285063
0.0004275941
0.0001330293
0.0000475105
0.0001710376
0.0000380084
0.0001472824
0.0000475105
0.0001805397
0.0003895857
0.0000427594
0.0002945648
0.0000617636
0.0003705815
0.0000427594
0.0004133409
0.0004608514
0.0003943368
0.0004133409
0.0004418472
0.0002328012
0.0003088179
0.0002280502
0.0003420753
0.0002565564
0.0001900418
0.0003563284
0.0000047510
0.0002280502
0.0004133409
0.0003800836
0.0002850627
0.0001757887
0.0001282782
0.0002565564
0.0003515773
0.0002518054
0.0002660585
0.0000427594
0.0001710376
0.0001520334
0.0000760167
0.0003990878
0.0003895857
0.0004133409
0.0001140251
0.0004228430
0.0002423033
0.0001330293
0.0003563284
0.0004370962
0.0000380084
0.0001330293
0.0003610794
0.0000522615
0.0001947929
0.0000142531
0.0000712657
0.0002280502
0.0004513493
0.0001900418
0.0004561003
0.0004323451
0.0000285063
0.0003800836
0.0002993158
0.0004656024
0.0000475105
0.0001045230
0.0002518054
0.0000380084
0.0003088179
0.0000855188
0.0002042949
0.0003230711
0.0001330293
0.0001757887
0.0003848347
0.0001995439
0.0001805397
0.0000142531
0.0003230711
0.0002423033
0.0003420753
0.0003135690
0.0000617636
0.0001900418
0.0000047510
0.0004370962
0.0003563284
0.0003658305
0.0003373242
0.0004561003
0.0000475105
0.0001282782
0.0003563284
0.0000950209
0.0003040669
0.0002708096
0.0002137970
0.0003230711
0.0003230711
0.0003658305
0.0004085899
0.0002660585
0.0003563284
0.0000807678
0.0003468263
0.0000570125
0.0003515773
0.0002803117
0.0001187761
0.0004418472
0.0004228430
0.0000712657
0.0004608514
0.0003800836
0.0000712657
0.0002042949
0.0001567845
0.0003943368
0.0000285063
0.0001662866
0.0002470544
0.0000712657
0.0000047510
0.0000997719
0.0001995439
0.0000427594
0.0003230711
0.0001567845
0.0002375523
0.0003088179
0.0000427594
0.0002470544
0.0001472824
0.0004180920
0.0001710376
0.0002375523
0.0002185481
0.0004465983
0.0003895857
0.0001567845
0.0002042949
0.0000380084
0.0002565564
0.0000665146
0.0004513493
0.0003943368
0.0003990878
0.0002518054
0.0001710376
0.0001140251
0.0001377803
0.0002898138
0.0002613075
0.0000902699
0.0001615355
0.0004180920
0.0002185481
0.0004275941
0.0001520334
0.0002232991
0.0000237552
0.0000285063
0.0004180920
0.0004133409
0.0001662866
0.0003990878
0.0003373242
0.0003325732
0.0001092740
0.0003325732
0.0002423033
0.0001947929
0.0003658305
0.0001852908
0.0003278221
0.0001757887
0.0003610794
0.0001567845
0.0003658305
0.0001045230
0.0004323451
0.0002993158
0.0000047510
0.0002755606
0.0003895857
0.0004656024
0.0003895857
0.0004703535
0.0003325732
0.0003610794
0.0000760167
0.0004180920
0.0002613075
0.0001187761
0.0003753326
0.0000950209
0.0002470544
0.0001852908
0.0000997719
0.0001710376
0.0001045230
0.0001045230
0.0000237552
0.0003468263
0.0001472824
0.0003230711
0.0003325732
0.0003753326
0.0000902699
0.0003705815
0.0003990878
0.0001805397
0.0002232991
0.0004085899
0.0000902699
0.0000285063
0.0000617636
0.0002375523
0.0001045230
0.0001235272
0.0002898138
0.0004561003
0.0000522615
0.0000237552
0.0002945648
0.0003088179
0.0000427594
0.0002755606
0.0002565564
0.0003943368
0.0003610794
0.0001995439
0.0000807678
0.0002993158
0.0000047510
0.0001947929
0.0000807678
0.0000190042
0.0000332573
0.0002090460
0.0000237552
0.0000190042
0.0001567845
0.0002090460
0.0000332573
0.0002232991
0.0000285063
0.0003373242
0.0001520334
0.0002993158
0.0004703535
0.0000380084
0.0001662866
0.0003230711
0.0004133409
0.0000142531
0.0001235272
0.0003990878
0.0003990878
0.0003468263
0.0001805397
0.0004228430
0.0004180920
0.0004513493
0.0002137970
0.0000617636
0.0004085899
0.0002232991
0.0001472824
0.0004608514
0.0002042949
0.0003753326
0.0003990878
0.0000950209
0.0000712657
0.0002185481
0.0004703535
0.0001662866
0.0003183200
0.0002850627
0.0001472824
0.0001995439
0.0001472824
0.0002280502
0.0001330293
0.0003468263
0.0000095021
0.0004418472
0.0001520334
0.0004038388
0.0003943368
0.0002232991
0.0003848347
0.0004228430
0.0004133409
0.0000237552
0.0004418472
0.0003515773
0.0004133409
0.0002090460
0.0001425314
0.0000997719
0.0002470544
0.0000712657
0.0002518054
0.0004513493
0.0002898138
0.0000855188
0.0000665146
0.0003610794
0.0003848347
0.0000807678
0.0004133409
0.0002708096
0.0002993158
0.0003040669
0.0001425314
0.0001662866
0.0002232991
0.0004370962
0.0004513493
0.0004751045
0.0001140251
0.0001282782
0.0002090460
0.0003990878
0.0000095021
0.0004608514
0.0002898138
0.0000997719
0.0002328012
0.0004180920
0.0001330293
0.0002898138
0.0001900418
0.0002185481
0.0002708096
0.0002328012
0.0004703535
0.0001615355
0.0002518054
0.0002565564
0.0004751045
0.0002803117
0.0003420753
0.0000522615
0.0000427594
0.0004180920
0.0000427594
0.0003943368
0.0001520334
0.0004228430
0.0001425314
0.0000095021
0.0003135690
0.0004323451
0.0002993158
0.0000522615
0.0000427594
0.0000475105
0.0001235272
0.0000807678
0.0000380084
0.0004751045
0.0000950209
0.0004608514
0.0000000000
0.0000332573
0.0001092740
0.0001947929
0.0000997719
0.0000237552
0.0004275941
0.0003373242
0.0003515773
0.0002708096
0.0000237552
0.0002232991
0.0000475105
0.0002137970
0.0002280502
0.0000095021
0.0000760167
0.0002280502
0.0001947929
0.0000570125
0.0000427594
0.0003705815
0.0004228430
0.0003230711
0.0002993158
0.0001710376
0.0004751045
0.0001567845
0.0000475105
0.0004038388
0.0000997719
0.0002613075
0.0002613075
0.0001852908
0.0001330293
0.0001187761
0.0002042949
0.0000142531
0.0002280502
0.0003753326
0.0000047510
0.0001615355
0.0001567845
0.0000000000
0.0003895857
0.0000760167
0.0001187761
0.0002328012
0.0002328012
0.0001187761
0.0003278221
0.0000760167
0.0003135690
0.0000570125
0.0002850627
0.0004561003
0.0003800836
0.0000475105
0.0000570125
0.0003800836
0.0002375523
0.0000142531
0.0002470544
0.0001520334
0.0001140251
0.0003515773
0.0002708096
0.0003373242
0.0004561003
0.0003800836
0.0000712657
0.0001710376
0.0000142531
0.0000522615
0.0004133409
0.0003088179
0.0003943368
0.0003135690
0.0000712657
0.0001567845
0.0000095021
0.0003943368
0.0002185481
0.0003658305
0.0002232991
0.0001662866
0.0000665146
0.0002898138
0.0003373242
0.0002090460
0.0003420753
0.0001377803
0.0002803117
0.0000380084
0.0000570125
0.0003183200
0.0001567845
0.0003040669
0.0003753326
0.0000285063
0.0004703535
0.0000997719
0.0001947929
0.0004275941
0.0000475105
0.0001092740
0.0000142531
0.0004228430
0.0004228430
0.0003705815
0.0001140251
0.0001947929
0.0001852908
0.0000855188
0.0000855188
0.0001187761
0.0003468263
0.0002755606
0.0002993158
0.0000902699
0.0004370962
0.0004180920
0.0004370962
0.0004180920
0.0003468263
0.0002328012
0.0003183200
0.0002565564
0.0001235272
0.0002280502
0.0001947929
0.0003658305
0.0001092740
0.0004275941
0.0004370962
0.0003895857
0.0001045230
0.0003990878
0.0002470544
0.0003420753
0.0000047510
0.0004751045
0.0002708096
0.0002090460
0.0002328012
0.0004133409
0.0001377803
0.0003230711
0.0000332573
0.0004703535
0.0002660585
0.0004228430
0.0002423033
0.0003658305
0.0001377803
0.0000665146
0.0000712657
0.0003610794
0.0001520334
0.0003373242
0.0003990878
0.0002137970
0.0003943368
0.0004656024
0.0003135690
0.0001377803
0.0000997719
0.0001377803
0.0002755606
0.0003325732
0.0002803117
0.0000997719
0.0003563284
0.0004323451
0.0004228430
0.0002518054
0.0004703535
0.0002565564
0.0000950209
0.0001140251
0.0002850627
0.0000427594
0.0003563284
0.0001947929
0.0003848347
0.0003658305
0.0002898138
0.0003325732
0.0000855188
0.0003800836
0.0004465983
0.0000475105
0.0003990878
0.0003420753
0.0002137970
0.0002423033
0.0000997719
0.0002042949
0.0001425314
0.0001520334
0.0002803117
0.0001567845
0.0003135690
0.0003658305
0.0004513493
0.0003800836
0.0003848347
0.0002518054
0.0000332573
0.0000142531
0.0001235272
0.0001852908
0.0001140251
0.0004608514
0.0002565564
0.0004085899
0.0001235272
0.0002803117
0.0002470544
0.0002708096
0.0003468263
0.0001757887
0.0000475105
0.0002042949
0.0002328012
0.0002708096
0.0000807678
0.0002090460
0.0001852908
0.0002613075
0.0004323451
0.0000047510
0.0003895857
0.0001235272
0.0000427594
0.0000380084
0.0003563284
0.0002280502
0.0001330293
0.0000047510
0.0003563284
0.0003943368
0.0003040669
0.0000095021
0.0001235272
0.0001947929
0.0003373242
0.0000190042
0.0002993158
0.0002755606
0.0000237552
0.0001472824
0.0004561003
0.0001662866
0.0001852908
0.0000570125
0.0001235272
0.0004561003
0.0001852908
0.0000570125
0.0004180920
0.0000190042
0.0002042949
0.0000617636
0.0003468263
0.0002755606
0.0001662866
0.0002328012
0.0001995439
0.0002565564
0.0001757887
0.0003753326
0.0004275941
0.0000570125
0.0000807678
0.0002850627
0.0003278221
0.0004085899
0.0003895857
0.0003848347
0.0002803117
0.0002850627
0.0002898138
0.0001662866
0.0000095021
0.0003230711
0.0003088179
0.0002755606
0.0002280502
0.0003705815
0.0000997719
0.0000380084
0.0000570125
0.0001995439
0.0000095021
0.0001520334
0.0004180920
0.0001520334
0.0004180920
0.0001947929
0.0003183200
0.0002423033
0.0003230711
0.0003515773
0.0004703535
0.0004703535
0.0002755606
0.0000522615
0.0000665146
0.0000712657
0.0000427594
0.0003135690
0.0002185481
0.0002803117
0.0003658305
0.0001235272
0.0000665146
0.0001662866
0.0004275941
0.0001425314
0.0003325732
0.0001140251
0.0001520334
0.0001235272
0.0004085899
0.0001425314
0.0001330293
0.0003705815
0.0004370962
0.0002042949
0.0004561003
0.0003420753
0.0000997719
0.0003420753
0.0001045230
0.0001045230
0.0001615355
0.0001567845
0.0000000000
0.0000760167
0.0001187761
0.0000855188
0.0002613075
0.0003230711
0.0000950209
0.0002375523
0.0001092740
0.0003990878
0.0003990878
0.0004370962
0.0002755606
0.0003183200
0.0004275941
0.0001045230
0.0001900418
0.0003420753
0.0002613075
0.0002280502
0.0004323451
0.0000380084
0.0002232991
0.0002232991
0.0003610794
0.0001710376
0.0000712657
0.0000142531
0.0000665146
0.0002232991
0.0001140251
0.0002945648
0.0002518054
0.0001330293
0.0002898138
0.0001377803
0.0002518054
0.0001235272
0.0003088179
0.0002470544
0.0004370962
0.0003373242
0.0000047510
0.0001425314
0.0002280502
0.0003610794
0.0003610794
0.0003088179
0.0001947929
0.0004418472
0.0000807678
0.0000285063
0.0004085899
0.0002898138
0.0001662866
0.0002232991
0.0003658305
0.0002090460
0.0003610794
0.0000285063
0.0003373242
0.0001140251
0.0002755606
0.0003468263
0.0001995439
0.0000855188
0.0004275941
0.0001710376
0.0001045230
0.0000950209
0.0004513493
0.0003800836
0.0001805397
0.0000237552
0.0001852908
0.0001710376
0.0000285063
0.0000047510
0.0004085899
0.0002803117
0.0001377803
0.0000380084
0.0001900418
0.0002137970
0.0003515773
0.0004656024
0.0004513493
0.0004465983
0.0003753326
0.0003753326
0.0004561003
0.0004608514
0.0004465983
0.0003895857
0.0004608514
0.0004228430
0.0001092740
0.0004513493
0.0004465983
0.0001520334
0.0001852908
0.0001947929
0.0001045230
0.0003040669
0.0003468263
0.0003278221
0.0003135690
0.0001567845
0.0002803117
0.0000522615
0.0003800836
0.0001710376
0.0004275941
0.0001045230
0.0001757887
0.0000665146
0.0001900418
0.0000237552
0.0003753326
0.0000380084
0.0004751045
0.0000712657
0.0003325732
0.0004561003
0.0004085899
0.0001615355
0.0003658305
0.0003515773
0.0003325732
0.0000095021
0.0000095021
0.0000807678
0.0004275941
0.0004228430
0.0003135690
0.0003230711
0.0001520334
0.0000665146
0.0000617636
0.0002090460
0.0003515773
0.0001757887
0.0000570125
0.0000522615
0.0004608514
0.0001425314
0.0002613075
0.0004656024
0.0000760167
0.0001757887
0.0004465983
0.0001662866
0.0002850627
0.0003183200
0.0000000000
0.0001995439
0.0000760167
0.0004133409
0.0003515773
0.0001235272
0.0002518054
0.0000095021
0.0003848347
0.0001140251
0.0001282782
0.0001187761
0.0004608514
0.0004656024
0.0003563284
0.0002755606
0.0001425314
0.0004370962
0.0001995439
0.0004656024
0.0000570125
0.0000047510
0.0001947929
0.0000712657
0.0003563284
0.0003230711
0.0001425314
0.0003515773
0.0003325732
0.0000047510
0.0000427594
0.0003848347
0.0003848347
0.0002660585
0.0001187761
0.0001045230
0.0001947929
0.0000570125
0.0002613075
0.0002280502
0.0004608514
0.0000427594
0.0003563284
0.0001805397
0.0001235272
0.0000950209
0.0002280502
0.0003278221
0.0000000000
0.0004085899
0.0003990878
0.0004085899
0.0003420753
0.0001140251
0.0003183200
0.0000950209
0.0004228430
0.0000570125
0.0004418472
0.0002565564
0.0004751045
0.0002423033
0.0004038388
0.0002945648
0.0003895857
0.0002137970
0.0000237552
0.0000190042
0.0004656024
0.0000665146
0.0003230711
0.0000380084
0.0003468263
0.0003088179
0.0003705815
0.0003658305
0.0002708096
0.0000095021
0.0003325732
0.0002090460
0.0003658305
0.0000570125
0.0000950209
0.0004608514
0.0001425314
0.0001092740
0.0003135690
0.0004465983
0.0000760167
0.0000142531
0.0002185481
0.0001330293
0.0004228430
0.0001947929
0.0000855188
0.0000095021
0.0000760167
0.0001472824
0.0003278221
0.0001092740
0.0002328012
0.0003658305
0.0003895857
0.0003943368
0.0002137970
0.0004608514
0.0000380084
0.0000332573
0.0004561003
0.0000950209
0.0003515773
0.0002280502
0.0000475105
0.0004085899
0.0000950209
0.0001282782
0.0001567845
0.0002993158
0.0002755606
0.0003800836
0.0002850627
0.0003468263
0.0003800836
0.0001852908
0.0003373242
0.0000000000
0.0000000000
0.0000142531
0.0004656024
0.0003515773
0.0001852908
0.0004656024
0.0001425314
0.0001757887
0.0003468263
0.0004180920
0.0001757887
0.0004085899
0.0000617636
0.0003848347
0.0003468263
0.0001757887
0.0000855188
0.0003943368
0.0001330293
0.0002232991
0.0003278221
0.0004561003
0.0004370962
0.0004656024
0.0004038388
0.0004085899
0.0002375523
0.0000855188
0.0000665146
0.0001187761
0.0003990878
0.0003895857
0.0000095021
0.0002565564
0.0002280502
0.0004608514
0.0002565564
0.0003325732
0.0004465983
0.0003230711
0.0000855188
0.0000332573
0.0003135690
0.0003895857
0.0003515773
0.0001710376
0.0004513493
0.0000760167
0.0003183200
0.0000047510
0.0004513493
0.0003848347
0.0002660585
0.0001520334
0.0000047510
0.0003895857
0.0000237552
0.0002898138
0.0000285063
0.0000902699
0.0002850627
0.0001615355
0.0004513493
0.0004608514
0.0003230711
0.0002232991
0.0002993158
0.0001995439
0.0001045230
0.0003753326
0.0004513493
0.0002042949
0.0001615355
0.0001092740
0.0002328012
0.0000285063
0.0003468263
0.0003040669
0.0002565564
0.0000190042
0.0001805397
0.0002708096
0.0002850627
0.0000760167
0.0000855188
0.0000712657
0.0000142531
0.0004418472
0.0004465983
0.0002708096
0.0000997719
0.0004133409
0.0004465983
0.0003610794
0.0000570125
0.0002613075
0.0003658305
0.0002137970
0.0001757887
0.0004751045
0.0000380084
0.0002708096
0.0002898138
0.0000427594
0.0000997719
0.0001282782
0.0003990878
0.0004228430
0.0002993158
0.0001852908
0.0000142531
0.0001472824
0.0001282782
0.0000902699
0.0000617636
0.0000000000
0.0004275941
0.0002803117
0.0002945648
0.0003753326
0.0002328012
0.0003658305
0.0001472824
0.0000617636
0.0000855188
0.0002375523
0.0001995439
0.0004561003
0.0004180920
0.0001567845
0.0001900418
0.0001900418
0.0001330293
0.0002042949
0.0002090460
0.0004751045
0.0001472824
0.0001995439
0.0000427594
0.0003990878
0.0001472824
0.0001757887
0.0003135690
0.0000380084
0.0001757887
0.0001330293
0.0003943368
0.0000095021
0.0004085899
0.0002803117
0.0000760167
0.0001092740
0.0004561003
0.0004656024
0.0000427594
0.0000855188
0.0004180920
0.0001140251
0.0003895857
0.0002898138
0.0000190042
0.0000237552
0.0001330293
0.0001615355
0.0000285063
0.0003183200
0.0002423033
0.0001710376
0.0003515773
0.0001757887
0.0001995439
0.0003278221
0.0003943368
0.0002232991
0.0001520334
0.0001710376
0.0001852908
0.0000332573
0.0003040669
0.0000095021
0.0004465983
0.0003278221
0.0001187761
0.0002042949
0.0002232991
0.0000665146
0.0003515773
0.0003183200
0.0001757887
0.0004228430
0.0003135690
0.0003800836
0.0003088179
0.0000095021
0.0000000000
0.0004703535
0.0003230711
0.0000807678
0.0000997719
0.0002850627
0.0000190042
0.0001805397
0.0000190042
0.0001520334
0.0000902699
0.0003990878
0.0000712657
0.0002850627
0.0001900418
0.0000190042
0.0002042949
0.0003325732
0.0002470544
0.0001805397
0.0001852908
0.0002185481
0.0001852908
0.0002042949
0.0001425314
0.0001377803
0.0002850627
0.0000665146
0.0004703535
0.0002613075
0.0000095021
0.0003800836
0.0003753326
0.0004513493
0.0001662866
0.0001710376
0.0000617636
0.0003658305
0.0001995439
0.0002470544
0.0004418472
0.0003705815
0.0002518054
0.0001995439
0.0001757887
0.0003610794
0.0002755606
0.0002375523
0.0004703535
0.0001852908
0.0003658305
0.0001710376
0.0000427594
0.0000950209
0.0003135690
0.0002518054
0.0002993158
0.0001377803
0.0003658305
0.0002185481
0.0003135690
0.0002280502
0.0003705815
0.0001377803
0.0003468263
0.0001615355
0.0003895857
0.0002328012
0.0001282782
0.0004323451
0.0000570125
0.0001330293
0.0002993158
0.0000142531
0.0000285063
0.0004133409
0.0003278221
0.0002375523
0.0003990878
0.0000950209
0.0003705815
0.0003848347
0.0004418472
0.0003515773
0.0003040669
0.0003183200
0.0004323451
0.0002375523
0.0001187761
0.0002518054
0.0003088179
0.0003895857
0.0002375523
0.0003990878
0.0000285063
0.0001187761
0.0000142531
0.0003468263
0.0001805397
0.0000522615
0.0000237552
